ProteinName	Sample1	Sample2	Sample3	Sample4	Sample5	Sample6	Sample7	Sample8	Sample9	Sample10	Sample11	Sample12	Sample13	Sample14	Sample15	Sample16	Sample17	Sample18	Sample19	Sample20	Sample21	Sample22	Sample23	Sample24	Sample25	Sample26	Sample27
1/sp|P01859|IGHG2_HUMAN_GLPAPIEK_39319_y6_1_GLPAPIEK_2	1103.090375	1086.636776	1675.465339	1806.870331	1828.405727	964.5297302	1757.552551	935.013308	1476.917721	242.2581228	175.8672086	86.53476998	302.6397112	192.4303856	870.7354026	1953.786644	1192.925708	NA	81.90154605	63.2331888	217.3919767	277.509022	239.3119591	381.8929522	227.7765969	253.8104571	307.2551071
1/sp|P01859|IGHG2_HUMAN_GLPAPIEK_39317_y4_1_GLPAPIEK_2	64.02264502	NA	69.9874752	81.34094472	91.1462728	104.5482955	130.0316321	136.7952255	29.37199328	103.6426665	118.0240284	93.00436198	132.3104603	84.0921316	235.6387008	112.1231866	103.4207937	208.086229	21.81673016	23.30621059	33.71687235	59.03233385	44.65706402	51.71201115	31.51922551	54.7757988	42.95276133
1/sp|P01859|IGHG2_HUMAN_GLPAPIEK_39318_y5_1_GLPAPIEK_2	95.58290216	40.99363058	34.64534366	36.83810992	25.81234284	29.47598874	46.52795026	23.67254694	32.44574654	48.48368668	37.87576962	64.95619186	50.97188586	38.71690154	98.90085106	34.12305668	98.76682306	80.03552256	15.08781548	14.02552879	54.2139265	26.38737108	21.0618474	26.21144836	34.56312155	13.45451706	17.54195811
1/sp|P01042|KNG1_HUMAN_IC(UniMod_4)VGC(UniMod_4)PR_48516_y5_1_IC(UniMod_4)VGC(UniMod_4)PR_2	750.517023	50.4282945	61.71438804	85.28175636	83.83203802	103.397101	81.37840184	58.94337438	120.779081	254.9432146	114.2207872	132.9455863	74.02792928	227.1885776	257.9069116	176.9323322	282.4236054	155.957708	21.6855472	35.315398	55.1168656	68.83035765	68.92839645	66.4702622	38.78860419	57.0195731	51.5858967
1/sp|P01042|KNG1_HUMAN_IC(UniMod_4)VGC(UniMod_4)PR_48515_y4_1_IC(UniMod_4)VGC(UniMod_4)PR_2	79.2420507	39.194158	39.56465406	38.63553098	37.43961432	63.22446874	29.22706204	51.94119506	47.75443244	75.5885133	33.02944996	41.74974052	29.50025086	58.81119364	66.43054878	56.96770958	91.00441504	65.75372206	8.029878995	17.61783686	44.3383918	17.10884397	14.59660795	27.66876109	9.40697173	0.943866458	29.84191749
1/sp|P01042|KNG1_HUMAN_IC(UniMod_4)VGC(UniMod_4)PR_48517_y6_1_IC(UniMod_4)VGC(UniMod_4)PR_2	53.48384342	41.18081932	14.08013038	38.78006854	30.36971766	20.3178171	24.50770774	34.59363322	43.88582046	21.90028064	18.21786287	NA	18.5545286	39.9368723	46.42217892	34.05453066	26.84774848	31.1124655	13.2814996	7.79406721	12.37511964	10.94814098	9.84409088	16.26138122	11.95448423	13.02177141	8.560668965
1/sp|Q14624|ITIH4_HUMAN_MNFRPGVLSSR_72146_y10_2_MNFRPGVLSSR_3	57.53156172	37.58767436	36.51240078	31.48193506	56.36072508	21.55158752	34.73575166	30.4440459	16.05188545	42.06612366	65.40695622	86.27206396	28.69288442	38.02141908	78.33284676	48.36959466	55.9872899	69.52181168	5.67253256	10.19311459	14.85657593	17.47130445	17.62290518	13.42075226	25.53903488	13.99079198	17.6662901
1/sp|Q14624|ITIH4_HUMAN_MNFRPGVLSSR_72143_y9_2_MNFRPGVLSSR_3	110.4754079	59.6151311	105.4995744	76.29667636	109.9405235	87.19185196	134.2293635	81.33200008	88.03476312	122.5256135	78.37948532	107.2934133	139.8128682	71.77099334	173.1852421	115.5512949	153.5582478	94.27551178	19.88379922	38.83358165	33.09170509	33.85410214	56.7174953	39.28986745	25.15997905	47.63272961	18.59932528
1/sp|Q14624|ITIH4_HUMAN_MNFRPGVLSSR_72150_y7_1_MNFRPGVLSSR_3	47.54048236	44.54986508	31.16558386	33.79306282	24.5584274	20.15086236	55.04786968	44.18514968	41.2775655	121.7824299	61.8790221	24.70827434	128.6447082	33.01975136	121.1701271	52.93534302	138.1243455	84.29012502	25.33387952	26.09827949	48.3938482	33.51358509	137.4351316	57.0858949	18.27371519	15.3869132	18.45002995
1/sp|P02751|FINC_HUMAN_LGVRPSQGGEAPR_62868_y12_2_LGVRPSQGGEAPR_3	45.78181726	13.5560678	54.12216674	1058.736618	57.76332374	92.99488204	67.70388716	54.40976298	41.5227135	87.46588614	34.89955288	77.12273154	35.2117636	66.0336613	133.4601429	65.24254088	67.24209346	75.12472652	6.278599655	18.08449159	16.27946384	26.88762507	20.91996188	47.97812731	14.03996141	4.102141937	29.55762623
1/sp|P02751|FINC_HUMAN_LGVRPSQGGEAPR_62867_y6_1_LGVRPSQGGEAPR_3	199.9440566	160.0641232	279.105237	129.2058886	138.1856418	186.5818585	129.9238332	204.6784056	242.3969576	195.565599	108.6501907	103.3060541	237.2984206	203.0830032	227.3198102	263.8938192	243.6781152	398.5285028	152.0587128	148.7906485	92.5879938	114.4783232	98.3469663	95.1631095	35.90120892	112.1717805	17.42835067
1/sp|P02751|FINC_HUMAN_LGVRPSQGGEAPR_62866_y11_2_LGVRPSQGGEAPR_3	177.753298	34.77369156	18.78443366	NA	NA	NA	NA	NA	NA	NA	NA	NA	NA	NA	NA	NA	NA	NA	3.342416122	10.32780587	20.88215238	19.62361757	22.61789101	13.10310226	23.25780729	32.59038717	16.56826662
1/sp|P01860|IGHG3_HUMAN_TPLGDTTHTC(UniMod_4)PR_106764_y4_1_TPLGDTTHTC(UniMod_4)PR_3	75.925194	48.03966076	79.76419912	27.17397962	75.6497707	45.8400792	110.1866426	132.1813968	84.81621776	52.42897218	61.80527068	89.15574494	52.75278966	59.196019	119.5212612	66.7929643	50.33259144	111.3385744	24.35430905	12.39449685	23.80556217	29.55757812	15.15254221	18.76656288	17.05375967	22.3685354	21.5706294
1/sp|P01860|IGHG3_HUMAN_TPLGDTTHTC(UniMod_4)PR_106763_y9_2_TPLGDTTHTC(UniMod_4)PR_3	109.0513677	99.03743086	132.9477621	102.7240321	111.8666747	137.0392059	145.4930382	185.9924101	40.5579321	176.6310649	150.9508883	246.3055786	189.880104	115.4070747	209.965177	89.66600396	54.76751194	116.7320269	15.36206682	47.11660476	51.9227909	12.12582811	49.20242175	39.31052504	19.01693113	53.1694578	90.63025915
1/sp|P01860|IGHG3_HUMAN_TPLGDTTHTC(UniMod_4)PR_106765_y10_2_TPLGDTTHTC(UniMod_4)PR_3	34.43773018	97.65574948	14.55639812	220.0303378	68.7002075	28.07742712	33.4031385	46.76650944	123.6404725	17.09661397	33.5351515	98.08688012	20.4626899	21.62031764	188.9180643	63.58489866	52.12176456	199.4178977	11.86691434	14.88122619	41.52489822	25.20265081	28.97164126	9.674050105	17.01228907	28.69375708	30.241028
1/sp|P69905|HBA_HUMAN_TYFPHFDLSHGSAQVK_109221_y6_1_TYFPHFDLSHGSAQVK_4	84.9148479	53.84233586	53.63196722	61.12962418	75.99017162	116.5969841	65.8334694	47.5644729	45.63630706	NA	NA	NA	NA	NA	NA	NA	NA	NA	14.01391567	29.3478665	10.63236051	22.3945104	45.07748356	13.77346718	9.93261062	11.91117426	20.84947967
1/sp|P69905|HBA_HUMAN_TYFPHFDLSHGSAQVK_109223_y12_2_TYFPHFDLSHGSAQVK_4	565.7271806	328.3589264	495.9115484	532.7212118	437.2836328	535.778733	474.020017	529.691741	415.551669	356.7342934	292.2936048	294.5228248	237.9715182	346.8455476	454.3988944	549.0198508	398.5382564	354.1090892	96.92860405	86.520242	122.5634991	134.7816244	136.9416637	111.4471082	96.45992485	160.5533757	128.3061215
1/sp|P69905|HBA_HUMAN_TYFPHFDLSHGSAQVK_109222_y11_2_TYFPHFDLSHGSAQVK_4	101.6771836	122.9812433	273.898733	341.1675328	232.3802262	207.5449576	290.4930096	232.9317636	213.2854236	207.6618576	249.4831082	322.4451186	115.623602	275.858189	287.53537	293.4811414	703.6857818	341.3769446	65.0349108	79.53122785	135.6257607	106.7373555	86.0102686	102.6724043	57.6866376	116.1419084	85.82723955
1/sp|P68871|HBB_HUMAN_SAVTALWGK_89370_y6_1_SAVTALWGK_2	3825.143712	3794.236626	3119.603474	3629.254972	3693.82929	3121.386878	5418.024332	3640.051856	2394.428658	2551.836804	1304.040247	1356.279347	2803.047936	2042.406656	1237.893527	1707.539626	1558.078549	888.4349548	919.336284	190.268394	531.696924	264.1173392	386.1791306	289.1827978	337.130317	426.8827476	90.2249078
1/sp|P68871|HBB_HUMAN_SAVTALWGK_89374_y7_1_SAVTALWGK_2	2157.31345	205.2608	187.4357375	175.505408	317.3274904	206.645277	121.9060234	104.6473359	275.6109344	225.826284	115.4231876	156.7723785	139.6067321	203.2812572	158.7517006	203.2546346	157.2189352	111.1270824	24.6467433	39.81414603	NA	48.18282578	50.72963475	51.95651215	38.8100479	65.01740805	56.5473608
1/sp|P68871|HBB_HUMAN_SAVTALWGK_89368_y5_1_SAVTALWGK_2	23.32463984	7.380263132	48.2421608	44.59360808	26.85475692	53.59355912	35.01464856	13.68320103	71.8847852	68.91465882	28.99092904	32.95247936	49.2658291	44.69744886	62.36995022	62.5687611	75.06541142	37.80348852	9.572853265	21.30426182	6.27811271	13.95523517	17.8618106	17.23509474	6.63215593	20.64494777	12.68961774
1/sp|P05155|IC1_HUMAN_TLYSSSPR_105478_y6_1_TLYSSSPR_2	532.2081616	299.2172432	556.4192456	552.7760266	442.6578474	483.8749148	485.6756228	519.0064318	532.450488	964.2868858	631.6100468	848.2431216	768.4389578	863.0549702	755.9347124	624.904715	815.0494574	814.6705158	263.0732989	131.6261053	214.061365	122.537752	213.7023784	172.0569742	154.4452427	180.1121691	109.4327448
1/sp|P05155|IC1_HUMAN_TLYSSSPR_105476_y5_1_TLYSSSPR_2	20.59884082	27.38421838	20.56210848	20.46338668	67.80280542	46.37880578	79.12676154	30.4440459	28.05904512	47.78674654	44.81060988	30.4977168	43.94082154	53.71535522	72.02305878	41.7287198	71.96126034	140.0889054	4.748309065	14.12760337	22.17783863	16.88490843	23.47109378	11.76724549	10.30488871	6.199676895	11.61570934
1/sp|P05155|IC1_HUMAN_TLYSSSPR_105474_y4_1_TLYSSSPR_2	80.14926868	61.08733096	31.60960948	65.89383952	89.27620926	69.82044376	26.69057568	30.83449622	24.08325372	9.920288444	32.58394722	53.84169326	47.12488824	41.68947394	104.4275343	60.6324947	70.85202264	84.69321826	20.74229818	29.42061552	18.30210276	35.10583429	14.52631308	38.57410883	24.82281504	53.76788415	10.05646996
1/sp|P01876|IGHA1_HUMAN_TPLTATLSK_106793_y6_1_TPLTATLSK_2	112.2677993	NA	111.6339348	108.3026291	174.8620565	135.8806193	203.0614506	194.3746829	80.33265544	127.8962249	98.11413768	149.3774911	80.80553032	75.6261505	227.4966266	139.0162979	356.5803308	189.4333228	31.10646237	40.38297358	100.3279017	59.20619335	52.9862516	9.78358824	40.07982174	93.0854734	57.3435217
1/sp|P01876|IGHA1_HUMAN_TPLTATLSK_106794_y7_1_TPLTATLSK_2	19.8208755	9.560844956	10.91767674	9.743653558	38.1824185	50.67689916	17.47319986	3.185361146	63.51913024	23.52578924	15.79746085	12.64879908	8.863940364	12.46338559	20.7966726	2.553958714	15.06458502	19.02796968	13.2814996	6.619423585	12.98035141	5.898282045	19.17975864	11.80088027	9.236915465	7.3079596	9.8647006
1/sp|P01876|IGHA1_HUMAN_TPLTATLSK_106788_y8_2_TPLTATLSK_2	77.75338422	68.21122462	115.0513996	100.9829531	97.43012684	71.47556762	115.4645046	50.86202758	78.11001344	115.5971118	41.20719086	78.46321028	161.6608418	71.95561746	121.2010167	35.2851058	86.93405182	59.4071347	21.57875592	15.10802039	11.19519173	33.97653524	19.91002636	25.70883358	16.22867472	37.57571182	18.59405389
1/sp|P00738|HPT_HUMAN_VGYVSGWGR_112732_y5_1_VGYVSGWGR_2	753.9555958	907.8776832	407.3134086	79.97916166	1117.936588	393.3118748	438.5867852	254.2846546	503.4254966	231.3015084	530.056855	195.1222407	374.7259996	90.91083356	312.4281324	1344.462102	458.4826622	476.0478386	175.6884998	147.9840726	77.23706595	247.5517358	95.26684115	181.7623284	65.54384195	124.7251298	133.135801
1/sp|P00738|HPT_HUMAN_VGYVSGWGR_112733_y6_1_VGYVSGWGR_2	157.0024063	129.427918	112.4853654	147.9110727	149.1194662	188.0530797	151.4205491	145.5661758	128.6484485	157.5214222	113.0885137	194.6788917	160.7144737	184.3001974	183.0705553	NA	192.0077609	184.0272863	40.41992105	43.82084349	57.5303846	52.61719955	70.35319055	54.1016693	46.45434684	77.55777395	50.455639
1/sp|P00738|HPT_HUMAN_VGYVSGWGR_112737_y8_1_VGYVSGWGR_2	517.4948384	404.6897482	404.2882228	353.6180156	405.250458	372.3181254	409.8023412	448.7009972	256.9760244	492.642761	270.524327	343.3016464	459.9972864	382.0852138	534.2048558	417.5457526	569.1582812	388.2989462	101.4259891	96.4619525	188.1133101	126.6496136	207.6582065	171.1787622	107.9047381	181.0667385	126.9525268
1/sp|P00751|CFAB_HUMAN_C(UniMod_4)LVNLIEK_11883_y6_1_C(UniMod_4)LVNLIEK_2	36.11217382	28.46235522	15.41135146	34.22943734	39.67822458	42.55579424	29.90145948	62.04659026	13.3928201	61.76829904	21.2337919	98.29794902	38.00389124	7.335844222	52.38472512	21.47268638	29.4567243	36.08273098	4.250217352	7.58181299	15.32924574	5.706699005	12.15577747	10.48541624	8.23932354	3.043490064	10.18364969
1/sp|P00751|CFAB_HUMAN_C(UniMod_4)LVNLIEK_11881_y5_1_C(UniMod_4)LVNLIEK_2	5809.096568	2948.125954	3169.339918	4167.192424	2830.691664	2905.120968	2826.73426	3183.05656	3063.701026	3510.782058	2534.448836	2857.601622	3037.440118	4401.17021	2210.332426	2438.404708	2541.929756	2250.78659	616.6974385	587.7491695	752.459263	627.2952085	669.048541	533.8342115	506.722476	748.8825375	758.0978995
1/sp|P00751|CFAB_HUMAN_C(UniMod_4)LVNLIEK_11879_y4_1_C(UniMod_4)LVNLIEK_2	259.5227468	237.3184094	241.312307	222.8455978	274.7110898	336.5977402	268.545347	268.475596	270.321862	333.8201508	237.1990834	298.4590684	206.0274326	256.1301358	321.5032858	268.6309728	273.9074932	280.1193562	44.39687602	68.89395625	94.5580536	113.3029429	96.3023679	71.7268215	63.85208655	81.07743095	96.0125252
1/sp|P01011|AACT_HUMAN_EQLSLLDR_26417_y5_1_EQLSLLDR_2	194.5836514	56.21901766	132.5005521	NA	242.9022656	536.0221336	193.7426771	193.5148944	179.3441578	327.5844788	417.7120016	138.8257849	237.2984206	302.6224924	307.9992018	326.8563788	198.9018639	401.4228178	31.20859705	146.7796122	80.94590985	90.35798995	70.06218485	57.0572921	51.2642471	90.1218488	119.1660243
1/sp|P01011|AACT_HUMAN_EQLSLLDR_26418_y6_1_EQLSLLDR_2	90.5194389	102.2902966	199.8234755	176.3041391	174.4957533	136.7281941	192.2292093	609.49252	166.0199558	111.7044411	130.6301642	117.3816024	75.0207481	172.2741391	238.7958316	173.2434997	680.2963644	265.5523866	53.14861615	70.22957115	134.0164669	217.310873	87.4469405	95.45390465	35.99640367	144.3025518	101.137887
1/sp|P01011|AACT_HUMAN_EQLSLLDR_26415_y3_1_EQLSLLDR_2	163.5115774	348.879382	246.6461872	158.3763276	220.9159148	258.3579808	333.1770848	286.041429	94.18759534	297.1377922	187.7856282	126.1204458	255.0338386	205.1416596	155.5197956	169.5094653	94.2540732	261.267745	31.30536556	48.57472885	44.90899243	59.5617895	61.3320141	24.10506391	33.86218035	33.74947487	77.30940815
1/sp|P02768|ALBU_HUMAN_SLHTLFGDKLC(UniMod_4)TVATLR_94921_y4_1_SLHTLFGDKLC(UniMod_4)TVATLR_4	34.26250428	25.88987224	134.5505136	40.9545761	79.3032169	30.18167008	83.71118876	114.1923175	76.23071182	54.2240401	21.218821	20.10544242	35.49292204	2.582330454	35.63084162	6.383947548	46.94599872	67.64355144	2.196658387	15.16455929	8.113201455	32.92201266	16.63721114	11.45176719	5.99240588	18.00935406	16.00235009
1/sp|P01621|KV303_HUMAN_LLIYGATSR_2669695_y7_1_LLIYGATSR_2	49.34041034	58.26860252	56.34129976	104.7011585	90.89296066	89.07432996	101.2424287	131.2028334	69.60705564	78.37606838	48.64395054	NA	NA	49.67008652	118.6163022	92.25390024	95.8070511	146.0370678	16.74494288	19.69386093	32.47244018	31.45652898	32.34536365	26.39726064	19.61023258	24.70550864	26.41527475
1/sp|P01621|KV303_HUMAN_LLIYGATSR_2669691_y6_1_LLIYGATSR_2	349.9336586	292.1269204	351.0170886	352.0842604	332.7954388	306.6612736	380.1516984	615.2030222	156.1444687	156.1228148	301.1185616	157.0895034	289.7667214	223.8147176	361.0057668	361.5063082	215.18264	456.1407968	102.048199	150.4524305	45.71695186	179.3729293	29.91662691	55.1472606	36.89424406	49.53723946	91.52942415
1/sp|P01621|KV303_HUMAN_LLIYGATSR_2669682_y4_1_LLIYGATSR_2	754.4266332	1254.844752	1259.339086	989.7968106	1023.780755	781.3987508	663.255844	1087.732126	651.1850048	1557.197775	1012.129583	1186.758337	1016.41579	1256.461909	2383.740286	1490.013864	620.8527738	2300.919536	335.97564	320.6792321	257.1202117	627.7903425	230.0489079	253.9467948	199.0749598	896.8887735	342.5782352
1/sp|P02790|HEMO_HUMAN_DVRDYFMPC(UniMod_4)PGR_20095_y5_1_DVRDYFMPC(UniMod_4)PGR_3	99.3766371	35.75041252	10.88923601	22.11000998	67.83584614	63.11502864	111.103528	50.10372962	12.15349956	48.35954872	37.13132146	51.2756588	33.03050702	50.56984152	43.73648742	74.256332	64.37255846	79.10187256	9.01033643	14.50633052	21.1133679	21.79061589	9.47755328	15.68413431	7.170201535	17.2918182	26.4939214
1/sp|P02790|HEMO_HUMAN_DVRDYFMPC(UniMod_4)PGR_20098_b6_1_DVRDYFMPC(UniMod_4)PGR_3	43.05714872	4.460716416	10.56836729	42.55903494	38.58420988	38.2156917	45.82737648	22.07327392	85.29652812	34.58496132	30.59896226	35.01274822	30.37720574	26.34531468	48.94852268	28.52471726	43.9997623	37.82723572	5.566362165	6.830449765	14.64312768	7.385765425	9.802734595	5.06121805	4.154029142	11.88357021	9.396274405
1/sp|P02790|HEMO_HUMAN_DVRDYFMPC(UniMod_4)PGR_20094_y4_1_DVRDYFMPC(UniMod_4)PGR_3	32.03280182	5.704440576	31.63986134	13.96573343	10.12355195	14.78278008	7.207176474	9.455634442	3.431223324	15.14746289	4.85210315	5.429286606	9.152758788	7.073529268	30.66869262	6.197860576	13.52784977	20.62595226	1.455257299	7.916281625	8.45740482	2.451835331	7.707601595	6.045943645	8.23074606	5.828856895	2.477484392
1/sp|P02766|TTHY_HUMAN_KAADDTWEPFASGK_53887_y6_1_KAADDTWEPFASGK_3	188.5543732	160.6218226	393.8393902	254.6806832	146.1276501	68.4301758	535.7176264	520.0700876	249.7197766	74.4955237	197.5986651	494.9635148	301.8859822	152.4653683	567.1480886	208.205141	1364.224766	438.145708	100.2840143	245.5026296	223.8038559	127.9093916	314.3773903	152.1012233	71.0636821	125.4019652	328.7981072
1/sp|P02766|TTHY_HUMAN_KAADDTWEPFASGK_53890_b7_1_KAADDTWEPFASGK_3	213.965897	318.1540644	535.5156096	219.015813	347.1926232	254.934146	304.383122	533.4721512	264.987854	139.0770686	205.9792224	410.3968668	159.9854601	120.3434248	663.2914566	410.9951006	942.5001254	398.8654286	128.6861473	178.2473683	173.6405073	219.630125	533.1942345	122.4369401	107.9047381	338.3403696	485.9120458
1/sp|P02766|TTHY_HUMAN_KAADDTWEPFASGK_53885_b6_1_KAADDTWEPFASGK_3	648.4413418	755.0666402	942.8489208	1284.445348	963.697647	1288.813205	1055.441515	566.0244516	343.666551	3227.957128	2196.626332	2482.75439	3142.99723	2732.401728	2207.94647	1246.638068	3875.000216	2279.242618	621.052465	535.27753	835.495689	584.100406	550.070945	927.7954275	392.5577069	852.2029595	312.1774903
1/sp|P04114|APOB_HUMAN_TGISPLALIK_103431_y7_1_TGISPLALIK_2	94.33747936	71.69873536	103.9388173	89.21170468	123.2145278	132.9091491	60.88162172	115.7514597	43.40168228	130.8878677	99.6233629	69.95125724	105.4962892	112.360334	138.1811399	150.3917953	302.7246632	89.97402386	37.25640692	27.2172684	85.1263395	67.32413795	63.6125485	56.41161035	24.2908962	98.01355775	29.8405845
1/sp|P04114|APOB_HUMAN_TGISPLALIK_103430_y6_1_TGISPLALIK_2	21.00393294	10.87505051	51.21958054	28.64163414	63.51322354	38.10877576	45.2510213	42.63886002	10.24201081	40.80131396	24.34994724	43.96683324	56.586115	49.41147112	69.75256618	114.2509281	103.1545947	106.928296	4.9911173	11.60589949	23.76773895	23.93673983	28.45706329	19.62618301	23.55775115	26.87894626	44.60531029
1/sp|P04114|APOB_HUMAN_TGISPLALIK_103427_y4_1_TGISPLALIK_2	18.45895574	14.59622201	19.98175047	4.853515622	2.247767832	23.54873424	16.22637368	20.33047384	50.32757116	10.99891174	7.907744486	16.33276846	3.033934402	5.579242094	19.0082709	22.34851742	15.06458502	54.72508292	1.928150174	5.42228229	6.475660745	7.85456716	5.474254385	2.290925493	8.72004552	12.50717328	5.150652295
1/sp|P01011|AACT_HUMAN_EIGELYLPK_23731_y7_1_EIGELYLPK_2	96.87260246	64.71439838	34.29426288	53.01674082	43.12730784	38.80598316	27.3480775	83.11539636	77.0638489	63.86425766	56.42630184	78.46321028	33.35846676	61.32247124	80.02644932	42.06737204	153.3897303	71.21313896	25.60675606	21.61279428	38.64684017	22.41150249	16.63721114	34.48184246	3.296767139	22.02006959	42.17314163
1/sp|P01011|AACT_HUMAN_EIGELYLPK_23727_y5_1_EIGELYLPK_2	2195.241378	2141.40401	2722.587638	2306.266892	2232.491602	2216.621904	2757.604952	2281.275848	1591.50153	3361.816496	2109.211982	1616.843377	2996.77381	2850.628436	1567.481368	1556.426229	906.3060848	2003.36934	811.4052515	526.5535425	389.9080262	444.4197698	449.4472233	465.7653707	457.0688045	303.0489632	623.374624
1/sp|P01011|AACT_HUMAN_EIGELYLPK_23725_y4_1_EIGELYLPK_2	46.67565776	40.43610694	37.45438792	46.9643921	23.77075312	35.18328126	32.71898444	62.05767002	39.63375906	55.39286894	48.774749	52.84337564	45.79587124	45.796166	53.55661288	48.85596656	68.54037758	97.74280372	12.81402168	19.04147762	22.03124353	22.87923519	31.67243323	19.62178665	22.70452133	31.71292848	22.07250162
1/sp|P04114|APOB_HUMAN_IPSVQINFK_51277_y8_2_IPSVQINFK_2	45.2565164	64.7970075	53.27252736	34.83281254	40.73777088	25.92847058	17.30690878	66.38852202	42.63311914	41.95740018	20.41811374	35.08159772	28.3361778	25.12746806	64.16474288	52.49760832	36.33864528	49.08238646	7.400085435	10.37864668	33.78679712	15.43731709	10.9772854	6.31613418	12.53622139	8.593946885	11.15673529
1/sp|P04114|APOB_HUMAN_IPSVQINFK_51282_y7_1_IPSVQINFK_2	78.57864168	49.50236936	11.70472262	28.76923226	54.73724316	33.69222742	156.1413312	57.88326406	69.49421766	54.86589916	20.34798686	42.69398696	41.55044898	29.02634734	72.2605892	67.52017164	49.2332798	54.34939028	10.73571623	20.68891616	44.3383918	122.6694126	17.74357266	27.7485841	24.76039854	14.01173493	26.81789952
1/sp|P04114|APOB_HUMAN_IPSVQINFK_51283_y8_1_IPSVQINFK_2	160.1363121	173.6302975	125.6136767	70.08119356	153.9774708	149.9558429	145.28101	281.9530018	160.6656437	39.46272028	70.60123132	72.93925562	90.7987495	105.4203785	121.8852747	90.8182895	69.79873184	142.25132	32.36427556	36.84189929	54.73971745	89.70925205	72.3033066	24.26762316	44.73042589	139.0877015	89.48509615
1/sp|P04433|KV309_HUMAN_LLIYDASNR_64590_y6_1_LLIYDASNR_2	26.94503302	63.54398542	17.51753758	24.8374427	14.50931903	69.01668102	36.1133405	49.63705062	25.75069288	NA	36.64516088	39.75345298	22.4190548	32.93832556	97.284366	45.91007164	27.51527632	71.42848736	7.74525009	18.10689101	11.50669125	32.92201266	5.695181155	11.87503568	8.588779395	13.23419273	12.98523945
1/sp|P04433|KV309_HUMAN_LLIYDASNR_64591_y7_1_LLIYDASNR_2	117.9492636	85.73683614	77.07118664	103.7376362	84.59238232	79.55105748	164.7238359	113.9698361	58.57323174	110.0571467	84.88663036	120.54242	102.265947	81.81875892	152.652388	77.5540781	57.55944316	136.2375992	12.353063	33.9915231	54.9081151	31.60129937	85.0271121	47.80815251	20.47135061	39.96100626	38.60786752
1/sp|P04433|KV309_HUMAN_LLIYDASNR_64587_y5_1_LLIYDASNR_2	NA	10923.86019	21202.7712	15348.70919	9649.050608	15169.08382	14687.63383	20215.88708	9053.500652	9584.930954	15082.24536	10350.79083	13390.88916	11410.21379	10631.6487	5699.609634	48558.9842	17380.13832	7375.826785	5759.207	6020.402865	3832.58923	2701.429055	5599.686975	1306.109443	4515.508298	7358.126645
1/sp|P69905|HBA_HUMAN_MFLSFPTTK_71294_y7_1_MFLSFPTTK_2	36.6037484	24.80558366	16.08218642	48.26081106	30.41785104	74.62607242	80.08505318	41.7021781	28.0084511	75.5885133	61.69858326	92.10705838	63.68571606	66.0336613	157.5985596	43.97579412	71.95178546	NA	34.04189198	25.26552185	35.55165995	25.33982539	30.3941138	31.31233426	16.22867472	53.38012915	28.11350905
1/sp|P69905|HBA_HUMAN_MFLSFPTTK_71291_y6_1_MFLSFPTTK_2	322.3855094	322.5569544	658.6824682	445.2787572	402.7622068	347.967251	637.3698336	392.590936	168.2351085	549.2776262	400.429269	280.1026812	388.4245854	427.0145492	386.8997782	203.4300178	562.446908	410.1301188	210.7814964	95.70646305	191.3867051	110.3585844	166.0870445	160.9389592	73.33977855	182.5925818	159.9114083
1/sp|P69905|HBA_HUMAN_MFLSFPTTK_71285_y4_1_MFLSFPTTK_2	118.801276	127.7469104	105.4348911	143.1706094	140.3903955	264.9748702	169.2240229	147.0920788	92.94854108	185.8162469	119.4454769	187.8826124	176.7284098	158.0587891	274.6320358	185.4378737	400.4625594	172.4244524	53.8253748	50.3820089	79.7341213	60.75686255	89.55848645	72.62145355	39.71451287	91.7176901	61.6794481
1/sp|P02748|CO9_HUMAN_RPWNVASLIYETK_87931_y5_1_RPWNVASLIYETK_3	86.22376654	76.09881318	161.8096272	97.33324188	102.5447068	59.93549608	164.7909425	121.917118	73.19706764	142.6061631	183.5244347	182.7971386	122.1933141	94.34346168	212.0311592	106.0348592	107.1448727	227.9689148	41.3575378	44.53963913	60.3774252	31.75130242	72.58027495	46.60540471	40.9923281	55.108007	72.2603906
1/sp|P02748|CO9_HUMAN_RPWNVASLIYETK_87930_b4_1_RPWNVASLIYETK_3	72.49585356	59.0632319	67.70763942	86.9020499	123.7131978	61.87548872	90.11510886	47.54452936	28.0084511	65.50518074	54.7498752	66.93978744	45.22794522	66.81180864	130.1357821	84.7238146	83.27201082	74.76547424	9.333814655	23.73278213	37.88983369	34.6851393	19.91002636	34.9792134	15.61117252	28.46163471	30.94175868
1/sp|P02748|CO9_HUMAN_RPWNVASLIYETK_87937_y7_1_RPWNVASLIYETK_3	83.0352204	36.99007652	65.116926	127.8157504	102.1251713	160.1676685	127.3687855	191.4252539	163.3554483	153.6721176	117.6196563	177.1622597	95.09658222	118.1619216	94.25164572	99.31894924	48.60365148	117.7456461	12.32299469	36.39587561	85.55215185	39.95702076	22.71593671	59.7125855	27.11614302	31.53138531	23.84701953
1/sp|P00747|PLMN_HUMAN_WELC(UniMod_4)DIPR_120319_y6_1_WELC(UniMod_4)DIPR_2	93.49243832	21.71319056	21.96384426	23.36444858	72.60451836	32.22100624	26.94876948	21.20138638	16.42548236	35.0379416	37.15779632	270.5524222	413.7901946	41.36235468	76.27687716	62.97069594	108.1974867	74.88421016	21.81797192	7.4001615	51.5836467	24.8345638	27.44669585	45.47787168	25.16989677	12.27183326	15.88710671
1/sp|P00747|PLMN_HUMAN_WELC(UniMod_4)DIPR_120317_y5_1_WELC(UniMod_4)DIPR_2	45.78181726	57.8680362	45.49182902	177.6784426	73.06668042	32.2889781	43.89199386	21.93417876	47.75443244	41.13241706	43.09384058	48.62321476	75.26492122	78.01051008	155.0781808	91.59630372	38.74345998	77.2455328	10.71655766	14.12760337	14.47129703	26.79928869	16.76522124	10.23281113	14.84509605	10.84466454	28.04649581
1/sp|P00747|PLMN_HUMAN_WELC(UniMod_4)DIPR_120321_y7_1_WELC(UniMod_4)DIPR_2	19.53335429	20.48829074	31.60960948	34.68661788	37.06270546	87.36295354	13.52231122	56.60842822	28.62739574	46.53920106	35.26641896	34.2439289	18.91193636	41.0520516	103.0468754	45.61951416	26.25128224	90.20439184	9.07912101	20.83662466	25.01373704	32.03493535	24.11432974	16.77146452	18.44357999	15.27864212	25.1126367
1/sp|P04004|VTNC_HUMAN_DWHGVPGQVDAAMAGR_20409_y7_1_DWHGVPGQVDAAMAGR_3	260.0898758	241.640448	243.3085316	286.2211696	595.6179906	242.5603826	131.5105947	84.88217302	211.562897	253.6278454	117.0506042	324.913964	80.65741382	102.0854613	283.2726044	337.7373678	258.97779	189.631622	19.0816229	53.039976	58.4067029	62.68225805	78.00572245	46.67447518	84.3932441	62.75940835	43.19597213
1/sp|P04004|VTNC_HUMAN_DWHGVPGQVDAAMAGR_20406_b5_1_DWHGVPGQVDAAMAGR_3	27.09783754	58.94353656	50.12653314	22.2983691	5.417330754	27.68564236	80.51291718	39.2723893	41.30835462	23.9290321	33.97387794	104.0015035	49.09948286	29.48711112	43.36879458	33.09552824	27.51527632	37.82723572	4.203811044	5.528630445	8.176200005	15.0413788	20.27192082	16.71828449	1.358937549	21.5428978	32.04056984
1/sp|P04004|VTNC_HUMAN_DWHGVPGQVDAAMAGR_20401_y5_1_DWHGVPGQVDAAMAGR_3	134.4067439	171.5972344	164.0221924	147.2178448	156.656012	208.7114772	139.6200217	374.9674886	149.5356246	153.6501262	101.5057577	117.2522488	110.0786108	154.3854238	160.8102266	171.2132134	229.2582506	246.6987456	29.93135921	54.3898362	63.6935822	66.9831708	66.3870907	78.03267985	36.25334524	69.2906725	55.12414735
1/sp|P08603|CFAH_HUMAN_IVSSAMEPDREYHFGQAVR_53229_y12_2_IVSSAMEPDREYHFGQAVR_4	215.1114598	126.4770149	115.6082727	235.3770952	122.9124705	194.6807869	105.0791647	67.09718272	106.9459431	143.911667	112.0944453	80.70586076	80.38116338	206.6250252	221.1461494	91.47046178	141.6194481	62.59291088	39.25923116	36.84189929	20.26999438	14.20043895	37.26303591	49.27489358	30.02750929	38.60005338	21.01059016
1/sp|P08603|CFAH_HUMAN_IVSSAMEPDREYHFGQAVR_53228_y6_1_IVSSAMEPDREYHFGQAVR_4	42.1629314	29.86512828	54.66252064	55.59853126	26.98793954	26.71167952	17.40668819	23.1599978	28.28205826	66.06133528	41.91350258	28.9571225	61.0173402	32.13344932	78.82409802	61.26532058	65.65933736	64.62278776	13.72259014	19.85109901	9.610350565	30.08309519	7.18357539	9.537127435	7.952628825	18.00935406	22.68531529
1/sp|P08603|CFAH_HUMAN_IVSSAMEPDREYHFGQAVR_53234_y15_2_IVSSAMEPDREYHFGQAVR_4	136.6522732	59.75855458	53.23630474	74.82699648	104.9003872	65.55065696	80.58287938	90.30194268	43.60755334	92.56725786	64.82734566	124.5662902	67.22876808	49.19427668	110.3283012	109.5815771	104.1742723	107.7472694	20.03613644	26.77453587	16.13045962	31.91092683	29.27301302	13.23472811	32.42503071	27.49865428	27.94088633
1/sp|Q14624|ITIH4_HUMAN_LQDRGPDVLTATVSGK_66886_y7_1_LQDRGPDVLTATVSGK_3	81.6221083	22.59816266	45.3254438	69.54999506	65.8474887	28.28837428	124.3589835	117.23393	50.387818	46.32483698	43.52452998	73.49596288	58.38647552	21.3808196	115.3300741	51.06018952	129.4018163	150.3736691	12.04058321	24.33673158	51.366645	64.54688715	27.82370749	24.1870586	22.42134951	8.491546595	33.18209739
1/sp|Q14624|ITIH4_HUMAN_LQDRGPDVLTATVSGK_66893_b7_1_LQDRGPDVLTATVSGK_3	276.242689	231.4883152	222.1640748	231.900829	327.7761058	223.2469984	283.8608796	162.2777602	170.2239196	290.0286328	268.7498804	166.4921533	232.8531726	281.9916752	334.8177712	282.7303336	217.8865902	332.5641006	26.64300396	82.469679	52.2786785	111.1029732	45.92906663	52.8638036	46.14494476	37.91384728	87.64980585
1/sp|Q14624|ITIH4_HUMAN_LQDRGPDVLTATVSGK_66895_b8_1_LQDRGPDVLTATVSGK_3	251.2456782	188.0781043	190.5881006	264.1409878	300.3033652	225.2843514	354.2918644	163.8098677	207.2091482	417.38309	363.9223132	212.697986	236.0609028	357.4273602	455.349016	367.8761528	351.2540948	603.4991824	81.084646	87.89711905	88.6273966	141.5115064	64.8176036	61.2423057	77.98808515	30.28525172	136.9948185
1/sp|P02765|FETUA_HUMAN_APHGPGLIYR_6621_y8_2_APHGPGLIYR_2	15.32887477	21.93008342	19.48353023	19.38883746	13.6833828	63.76788304	7.19856208	46.04566102	27.40182212	37.80412192	12.22384181	69.86623854	35.76461504	23.01553086	27.58548382	20.63374006	74.25147412	161.9988294	6.365167995	5.499746975	17.83328755	10.55512848	9.580674035	8.60833091	12.56172409	10.53588308	6.14183025
1/sp|P02765|FETUA_HUMAN_APHGPGLIYR_6629_y7_1_APHGPGLIYR_2	18.54639912	23.28856394	52.65594674	37.9489316	32.63178274	46.0919537	14.48693277	46.04566102	57.0392676	51.69935334	26.293644	12.75149957	61.27904192	35.83619866	58.84960022	68.52220624	35.8700899	118.1940011	21.29585661	18.36920009	24.7047671	28.67747769	14.52631308	15.91020238	9.633662355	15.07892204	18.99698161
1/sp|P02765|FETUA_HUMAN_APHGPGLIYR_6627_y6_1_APHGPGLIYR_2	79.72665394	34.77369156	36.9860812	60.88381828	32.24243262	11.75419192	45.51088086	29.86346708	8.870546678	21.6838613	46.63847908	20.93285336	20.81396266	34.73907464	49.64279322	43.10376004	98.27773878	78.6472256	15.47706258	19.63913952	34.94365769	18.45847758	37.95254123	15.99442174	8.946008595	20.38352786	12.80583059
1/sp|P01009|A1AT_HUMAN_LSITGTYDLK_67901_y7_1_LSITGTYDLK_2	628.4335588	202.7192516	169.1267954	245.43028	271.8659174	205.3507466	149.7490715	71.10007416	279.0892734	308.532178	157.884783	190.6539783	259.624574	248.835447	233.1078834	280.4991704	257.1617714	229.1704816	34.7999415	56.15133495	75.74702375	62.6147398	80.91793895	48.19100631	60.81244095	51.61747815	50.297861
1/sp|P01009|A1AT_HUMAN_LSITGTYDLK_67899_y6_1_LSITGTYDLK_2	52.55910288	46.23702442	32.13623064	27.49361936	32.15881106	38.10877576	68.25692162	42.89325104	16.05188545	90.88831238	50.30966116	50.767633	80.75347044	47.905271	68.16356222	58.43224948	66.2174529	38.80249402	17.60211138	16.5971893	17.50914013	14.46685473	28.20779181	10.34658671	14.33573141	14.15929521	22.1897445
1/sp|P01009|A1AT_HUMAN_LSITGTYDLK_67904_y8_1_LSITGTYDLK_2	108.063885	131.4722299	172.4340002	154.0125826	174.741927	216.8067998	123.7826283	334.3934504	167.0168577	364.6593928	461.3293512	562.0396104	224.1730194	412.5065974	290.5689424	226.2659918	485.4770458	569.9507022	108.0117467	81.0942756	170.3972263	106.1921456	190.5034479	103.6268904	96.59394805	125.0864098	109.9404943
1/sp|P02768|ALBU_HUMAN_LVRPEVDVMC(UniMod_4)TAFHDNEETFLKK_69837_b7_1_LVRPEVDVMC(UniMod_4)TAFHDNEETFLKK_5	275.9807922	257.9425658	196.9091468	198.3699592	338.9385638	256.5189542	389.6751232	212.5738342	266.6255026	323.9631028	258.8564732	214.8017204	352.9730308	217.5537824	439.3205058	253.038143	244.1450914	279.380555	56.3882767	91.5822177	37.64771689	76.03680585	95.47794175	67.8304843	62.0538785	73.3364435	137.9503328
1/sp|P02768|ALBU_HUMAN_LVRPEVDVMC(UniMod_4)TAFHDNEETFLKK_69829_b5_1_LVRPEVDVMC(UniMod_4)TAFHDNEETFLKK_5	62.0493753	19.95097996	29.71190246	60.3550134	72.60451836	43.09956912	35.88893796	86.82666884	58.38183988	44.34212344	32.4072905	42.01383744	60.5642264	25.7255936	80.41629746	75.8132645	40.4703696	58.54127582	13.72259014	14.69200998	38.64684017	26.44369255	27.40830901	14.23370744	41.96533635	26.87324481	31.72307491
1/sp|P02768|ALBU_HUMAN_LVRPEVDVM(UniMod_35)C(UniMod_4)TAFHDNEETFLKK_69917_b7_1_LVRPEVDVM(UniMod_35)C(UniMod_4)TAFHDNEETFLKK_5	6978.96497	2205.821544	1780.970685	2837.778408	2808.58294	2663.974112	4551.84958	1743.234409	2412.835562	3413.711922	1598.373047	1606.432499	1901.219984	3064.495046	2320.895914	1725.567932	1342.775443	2494.266274	339.747483	382.7531523	550.829572	523.1449275	631.6389225	515.5591405	445.4126176	577.38746	664.3763065
1/sp|P02768|ALBU_HUMAN_LVRPEVDVM(UniMod_35)C(UniMod_4)TAFHDNEETFLKK_69909_b5_1_LVRPEVDVM(UniMod_35)C(UniMod_4)TAFHDNEETFLKK_5	2880.16739	411.4918178	393.9329322	303.2802828	652.9640224	300.1958334	296.6206504	362.4362932	485.988866	578.6021384	277.7403052	329.0553652	387.4324678	391.1889712	496.0721692	282.8478584	328.6497388	409.2492404	59.909107	71.82602155	113.6503486	89.38741505	101.1549823	82.7346626	116.1069564	111.474623	71.21520215
1/sp|P01009|A1AT_HUMAN_LYHSEAFTVNFGDTEEAKK_70422_y8_1_LYHSEAFTVNFGDTEEAKK_4	75.99811058	60.62595028	71.8724446	43.20254926	143.50744	213.5650648	103.2487254	119.4966362	73.64009818	64.65553444	56.4228349	152.579514	74.10487974	39.64055322	99.38762866	112.7514923	83.27201082	103.8797258	29.74691365	29.51571484	51.0279826	44.49064639	50.51961395	73.59024105	46.38886694	31.71292848	38.66167201
1/sp|P01009|A1AT_HUMAN_LYHSEAFTVNFGDTEEAKK_70416_b6_1_LYHSEAFTVNFGDTEEAKK_4	36.11669578	16.5450589	17.98064975	19.43873514	34.05090174	23.54873424	4.352909474	29.9944297	50.32757116	21.76977134	11.06605474	31.42301224	24.73422974	9.14107171	6.493250938	21.62402218	40.20010994	42.68221572	6.954959175	4.948013726	33.23558992	8.09138743	15.60729934	11.09105408	2.500650338	1.986226862	8.411797775
1/sp|P35542|SAA4_HUMAN_EALQGVGDMGR_20977_y7_1_EALQGVGDMGR_2	162.6791602	35.67395514	39.95514188	48.07944866	70.3673358	87.36295354	97.00162528	27.22981092	51.50255076	49.35285798	20.8741749	36.07765514	25.15193582	33.73435118	44.64996764	16.15237451	14.66830946	35.50528876	10.18038386	9.591572085	6.471505005	9.589279875	13.26273289	23.66150861	12.10447531	14.75552004	16.37958738
1/sp|P35542|SAA4_HUMAN_EALQGVGDMGR_20974_y5_1_EALQGVGDMGR_2	1132.533979	1502.840829	1400.133623	1158.559588	1367.122708	1428.443996	1351.60289	629.5778876	846.428001	1451.232454	801.200505	853.1895056	1154.442846	912.335275	870.5223708	791.773669	468.7944896	796.8073556	122.165582	208.5573295	151.0977469	222.8434312	177.1522795	129.8636045	163.5312481	159.4582458	296.386965
1/sp|P35542|SAA4_HUMAN_EALQGVGDMGR_20981_y8_1_EALQGVGDMGR_2	1804.615744	1557.431392	4235.160652	2798.283752	2885.086466	1375.416929	7879.955742	4167.004684	4879.52713	999.2777618	2351.06308	3163.721066	1691.299454	1764.169417	2419.806566	912.7446656	4300.489994	4289.57374	751.6367295	528.886816	699.15743	1701.409336	1251.200299	863.8787595	519.4087265	1391.418935	3036.426934
1/sp|P02652|APOA2_HUMAN_VKSPELQAEAK_113789_y9_1_VKSPELQAEAK_2	63.77751718	48.11998494	97.72504584	57.4966683	135.7489912	45.47966606	79.6055504	101.359753	66.99081214	226.276387	131.6447191	183.8350968	467.0998674	122.7237131	241.7463216	267.3707454	132.5916925	230.3172474	46.8848289	72.3501485	4.989075639	43.02246198	82.9485	53.6742163	46.59564556	54.50049215	50.86092975
1/sp|P02652|APOA2_HUMAN_VKSPELQAEAK_113788_y8_1_VKSPELQAEAK_2	165.4716581	78.63649486	233.4289114	191.9918947	85.9962047	95.14455976	100.9485399	58.0798188	178.64849	129.2625646	202.7943584	208.0523838	119.4958408	187.8705413	297.6288154	105.8119236	180.5395469	67.28998226	24.00062948	17.7159326	71.4925136	41.09914828	49.17245735	115.5902769	46.89126239	42.92852593	63.27722315
1/sp|P02652|APOA2_HUMAN_VKSPELQAEAK_113785_y10_2_VKSPELQAEAK_2	611.7644884	64.92742444	88.21501592	75.99047772	123.7299222	53.10423384	96.70583276	70.7377664	95.02272956	94.55325982	60.94294632	199.8617285	73.59269462	55.3516596	105.3209895	71.34840664	55.7269563	87.10710944	12.68079868	23.30247735	14.61211023	36.16907798	51.4817144	23.50101511	19.11584023	25.4286895	17.82182625
1/sp|P02750|A2GL_HUMAN_DLLLPQPDLR_17149_y6_1_DLLLPQPDLR_2	2706.354602	436.8246938	401.5814776	342.708653	578.795781	388.0039396	392.6830214	586.1253308	470.3479904	754.904772	420.6510274	502.509141	567.3580908	623.5073736	404.8903112	603.8605422	794.6310916	369.5670856	147.5156488	107.8183636	143.467454	119.3812736	116.6976017	136.37392	111.3284559	150.080773	115.9765333
1/sp|P02750|A2GL_HUMAN_DLLLPQPDLR_17150_y7_1_DLLLPQPDLR_2	99.33820044	29.27631864	70.79631436	53.01674082	95.95063714	29.47598874	62.07193082	77.83877706	43.9791864	72.5674802	58.25180722	55.73383724	71.57007168	31.82084508	80.41629746	21.23257416	118.7536307	153.8427878	11.71799196	31.83213977	15.32310248	45.84056132	30.63112956	10.20399646	3.296767139	17.04479304	23.99316414
1/sp|P02750|A2GL_HUMAN_DLLLPQPDLR_17146_y4_1_DLLLPQPDLR_2	815.3317646	480.2120552	637.8982474	404.090159	813.4949758	516.681705	514.4362702	805.5442336	955.9540728	630.592106	488.8269714	432.0322978	287.6334932	446.0770348	1155.362889	848.6864132	504.9998098	753.9325238	34.23999689	149.892936	98.88724655	241.5291077	135.7830399	67.19327745	197.1496212	69.01858355	126.5405105
1/sp|P05155|IC1_HUMAN_FQPTLLTLPR_32350_y8_1_FQPTLLTLPR_2	82.87356038	104.6513354	80.5991106	80.6539771	78.14740382	129.0727956	147.4586426	274.3500786	29.84015442	105.4323908	75.77706856	23.82348882	74.6379239	73.65228312	117.8598264	156.5012772	70.6846331	116.3940862	18.01614932	19.68958735	67.07177405	29.83699116	31.04382855	38.26006067	17.7100903	10.58646228	26.01652779
1/sp|P05155|IC1_HUMAN_FQPTLLTLPR_32343_y8_2_FQPTLLTLPR_2	87.4134185	86.022277	108.8229003	53.98228846	48.58759154	43.70644786	48.87001788	184.3220273	53.64164602	106.5531264	47.5041128	56.35243948	84.89564936	56.29903096	81.23966526	92.5269194	70.85202264	39.79378676	15.36295379	12.32945992	16.28753439	20.35157686	50.74075665	16.299995	19.22489681	11.14441401	25.82887859
1/sp|P05155|IC1_HUMAN_FQPTLLTLPR_32344_y4_1_FQPTLLTLPR_2	144.1645655	53.27145416	47.68190434	77.01678636	74.74624998	149.7320947	50.40704436	93.79051222	66.94154954	104.8501344	69.56351094	52.51338488	67.7905591	75.28823348	158.4555864	72.58440602	180.5088664	144.5442427	25.60675606	20.89183729	82.1745623	36.32346971	91.6376384	43.25490432	32.69648507	14.90787857	38.91360786
1/sp|P01857|IGHG1_HUMAN_GPSVFPLAPSSK_40771_y7_1_GPSVFPLAPSSK_2	51.52489324	34.93908554	70.66535564	43.86263474	37.84976786	42.33565194	12.43018715	58.29166358	80.88353112	53.46934702	33.17695282	60.10421518	41.57691714	48.6657171	43.66916938	51.90962266	73.49664204	51.99801304	10.49809678	15.58184686	12.25857835	6.23272246	10.9772854	NA	7.287108035	17.64152591	17.66532065
1/sp|P01857|IGHG1_HUMAN_GPSVFPLAPSSK_40764_y4_1_GPSVFPLAPSSK_2	120.2841016	118.051061	149.1790783	100.3366769	117.3393996	151.7568268	107.1516161	200.521284	140.2790822	156.0835593	100.8456194	152.1057391	78.01059812	156.5279842	210.7107882	76.27215366	225.6510284	171.5533164	13.28979278	23.73926617	78.37597855	58.0105576	56.96584895	36.78007756	26.63925027	54.7333484	25.74065863
1/sp|P01857|IGHG1_HUMAN_GPSVFPLAPSSK_40773_y8_1_GPSVFPLAPSSK_2	85.27566252	46.73988542	78.51889728	114.9844986	112.1974897	129.760267	74.5011661	142.7767384	83.49827678	89.3770765	99.01759264	91.68787624	62.20104526	89.60058636	191.4686937	122.6732982	132.5916925	31.77454512	23.91273067	33.78958442	32.07445316	48.40411685	27.73710765	26.14560895	28.11825344	35.19527208	53.12320225
1/sp|P02649|APOE_HUMAN_KVEQAVETEPEPELR_58741_y6_1_KVEQAVETEPEPELR_3	19.74343696	66.94994164	29.71190246	21.64601682	57.16165644	27.68564236	64.21220272	28.33424022	28.05904512	44.66932152	33.19964556	41.87370438	32.90026966	26.5860518	75.61903504	59.49630102	108.1974867	73.05121166	12.08111777	11.64003896	25.36962465	24.16680828	14.30511635	19.40043274	7.638631675	5.01316579	11.98191914
1/sp|P02649|APOE_HUMAN_KVEQAVETEPEPELR_58737_y4_1_KVEQAVETEPEPELR_3	75.89655492	51.72156656	39.42752558	36.8743824	42.20379954	79.4724481	39.95459792	62.2214287	93.79865378	75.20623414	22.85648086	30.36071326	58.52828174	60.76116432	147.6205776	80.71025202	138.7059226	93.72810872	18.8589489	23.47509048	298.9522127	37.08012427	11.9241067	13.23472811	27.65472471	19.44736118	23.63452818
1/sp|P02649|APOE_HUMAN_KVEQAVETEPEPELR_58738_b5_1_KVEQAVETEPEPELR_3	182.4389892	225.8392578	521.1400062	284.197644	127.2864897	180.5274948	898.0908376	370.3583132	316.8650336	492.0282368	567.272959	127.91627	146.3101872	230.9377042	459.4243138	98.36844476	669.0235134	619.740633	343.6204406	301.6500349	295.2602327	100.0119748	104.408955	131.0712784	23.66481652	243.9119508	173.2322592
1/sp|P02743|SAMP_HUMAN_QGYFVEAQPK_82784_y5_1_QGYFVEAQPK_2	199.1941652	42.67780194	21.80163858	50.61833814	95.95063714	69.00910856	94.978195	25.8222397	15.78829725	59.57923696	41.95683942	158.7474548	25.0039946	77.73419344	97.41346324	42.0733387	100.9076947	137.0922949	18.55804408	24.19619483	20.613475	34.51634367	27.24682515	11.40563193	11.98867928	20.24923332	24.75533373
1/sp|P02743|SAMP_HUMAN_QGYFVEAQPK_82787_y6_1_QGYFVEAQPK_2	53.48384342	37.19290826	23.79428072	19.53926698	61.3933151	27.26428894	45.82737648	27.22981092	37.47086462	18.77196273	15.37063235	14.24139561	24.21801304	15.58693204	37.40731354	27.94920732	13.52784977	23.99703766	3.442049543	11.12534336	12.16281573	4.958146639	6.61139017	7.54817337	3.368883095	6.536514	11.13183254
1/sp|P02743|SAMP_HUMAN_QGYFVEAQPK_82782_y4_1_QGYFVEAQPK_2	20.177545	19.07620217	10.02755561	36.79889144	20.74161324	23.54873424	5.663391728	10.69326448	2.209211266	20.8504516	14.76468874	25.46405398	19.13980791	17.94925355	25.8614177	2.553958714	30.57430892	20.36189168	4.368982731	5.94994598	5.11272987	6.56716287	4.600287086	5.303965785	2.44683046	38.00326407	10.00654328
1/sp|P01860|IGHG3_HUMAN_SC(UniMod_4)DTPPPC(UniMod_4)PR_89738_y6_1_SC(UniMod_4)DTPPPC(UniMod_4)PR_2	103.9230897	111.2644586	92.05063312	108.5125307	134.2256512	166.5398953	106.2511504	91.53201634	68.17128384	91.60498308	101.1800223	126.3226477	66.54340058	31.4893005	90.21043306	98.173896	29.28843238	128.4243695	59.57471905	108.3881736	47.96857787	26.26758245	48.73411315	57.0027349	94.8210129	45.75063041	139.8038003
1/sp|P01860|IGHG3_HUMAN_SC(UniMod_4)DTPPPC(UniMod_4)PR_89731_b4_1_SC(UniMod_4)DTPPPC(UniMod_4)PR_2	979.9988908	977.3994046	858.7965208	937.070986	695.951621	737.1845874	1340.561238	2086.128242	1237.656261	931.5156952	778.0176582	629.9624156	653.8563782	883.5636488	696.8375692	822.0426352	1257.930151	635.2311044	241.6968609	166.2391142	234.3359367	214.9263534	139.1098991	186.4182289	123.9924971	212.9067924	176.1436392
1/sp|P01860|IGHG3_HUMAN_SC(UniMod_4)DTPPPC(UniMod_4)PR_89735_y5_1_SC(UniMod_4)DTPPPC(UniMod_4)PR_2	1091.674314	113.8023161	138.1200338	78.48444088	245.1376124	79.2697946	178.1982206	140.3130456	109.3052222	33.96077754	40.1620638	126.7120994	115.1883673	77.7395038	182.3988661	157.3324488	434.5112166	143.2590531	45.38806581	49.79451518	55.1168656	48.15103593	167.8541348	57.89524825	52.18517775	63.37866475	50.20691445
1/sp|P01834|IGKC_HUMAN_SGTASVVC(UniMod_4)LLNNFYPR_92457_y6_1_SGTASVVC(UniMod_4)LLNNFYPR_3	400.3308884	247.3826602	245.1694188	140.9699561	NA	306.7586338	304.75435	454.2386554	269.6045586	197.5162504	156.5722283	89.46921876	133.8994262	152.8615225	429.2781882	646.2616846	620.3000724	333.333347	74.55210665	144.4920216	90.0108351	136.7390911	186.0773539	74.2677037	69.42477015	72.88089205	64.32725885
1/sp|P01834|IGKC_HUMAN_SGTASVVC(UniMod_4)LLNNFYPR_92446_y3_1_SGTASVVC(UniMod_4)LLNNFYPR_3	2767.21263	306.1511358	248.7041096	1759.397571	532.4837154	312.2090036	134.0830141	292.9418962	498.7205854	624.7037736	244.1440094	502.4865388	389.6445746	3778.156702	474.8222502	638.2718058	731.3795016	474.6554822	76.525173	295.0873958	78.4175359	127.5144099	219.4879388	98.32424875	76.4770696	80.2295521	55.9955013
1/sp|P01834|IGKC_HUMAN_SGTASVVC(UniMod_4)LLNNFYPR_92451_y4_1_SGTASVVC(UniMod_4)LLNNFYPR_3	1134.297543	1018.867422	1849.431436	144.6778506	2211.09672	619.813229	622.8586282	100.3701099	406.4364236	190.2747319	196.1787925	339.5357878	143.7154314	NA	116.1044446	489.942842	435.7745338	186.5469235	98.6351357	109.9350112	222.4860659	119.9118546	84.5282452	104.2720425	131.3530498	40.65624437	81.06239205
1/sp|P00738|HPT_HUMAN_VMPIC(UniMod_4)LPSKDYAEVGR_114769_y14_2_VMPIC(UniMod_4)LPSKDYAEVGR_3	880.2802806	559.2847966	375.216585	487.7764786	346.4624644	280.8391782	539.0896136	448.9824228	522.9624446	255.685165	218.3514968	242.2545858	332.7012272	279.120531	107.6786121	154.7738433	407.5709752	438.145708	202.4280062	91.6829169	125.3074895	27.44707006	109.5774105	73.23747315	61.7460081	269.648067	112.5059018
1/sp|P00738|HPT_HUMAN_VMPIC(UniMod_4)LPSKDYAEVGR_114774_y10_1_VMPIC(UniMod_4)LPSKDYAEVGR_3	12.03313937	39.46606502	1.347147094	10.87356893	60.0145792	45.73839184	22.03916086	9.534367134	25.0365516	27.916245	21.53904086	20.90555696	32.72884014	23.256445	24.53870346	22.3044004	23.4600278	37.52867068	1.883131976	4.978321723	5.133388095	31.22927379	10.20663322	4.393008934	4.513172957	3.206162009	7.1934413
1/sp|P00738|HPT_HUMAN_VMPIC(UniMod_4)LPSKDYAEVGR_114763_y10_2_VMPIC(UniMod_4)LPSKDYAEVGR_3	1095.992784	46.57009734	76.1102921	98.27466924	112.4159256	129.9396622	382.6646262	225.7986218	143.9383281	98.4477803	53.29612114	109.8848316	117.6956555	1703.135476	163.5140258	152.8160608	240.8018124	90.6048465	12.42969726	73.12823385	39.8109281	45.49368629	214.4771339	44.13740669	46.62819404	29.31171515	28.23996171
1/sp|P00738|HPT_HUMAN_VTSIQDWVQK_118064_y8_1_VTSIQDWVQK_2	5482.931456	297.3576592	484.9512206	930.8844108	234.4136578	644.1172262	184.2399555	989.1223666	1319.540356	1233.267556	815.9019376	572.0958088	101.5788267	754.7940708	2919.00391	2597.84067	1929.543465	2652.966476	308.2041431	394.3320841	408.8798649	710.443937	394.2463051	406.5538639	405.3473469	464.3491722	200.74889
1/sp|P00738|HPT_HUMAN_VTSIQDWVQK_118061_y6_1_VTSIQDWVQK_2	85.47123724	28.53353966	15.86096971	44.40064584	31.10212012	80.87173092	26.93925082	35.60078232	11.11777003	31.9307929	24.38902918	37.12552354	17.53646862	60.55600672	53.5353097	74.91501334	75.79836104	72.17013022	15.23350042	14.47965752	6.50059516	17.20922111	34.00253038	24.82347094	18.2227098	12.27815566	19.67644498
1/sp|P00738|HPT_HUMAN_VTSIQDWVQK_118059_y4_1_VTSIQDWVQK_2	7.479413908	8.45892725	14.51744885	19.53853049	8.553750986	23.54873424	14.12270104	22.07327392	3.431223324	19.91919075	8.216287044	11.73739524	18.55715788	10.01121249	13.84911011	14.04284037	36.08778654	15.22184397	3.54001546	10.04579906	1.566351147	9.763589495	0.987524307	9.65794779	2.557445529	8.117000895	6.91763273
1/sp|P02763|A1AG1_HUMAN_SDVVYTDWKK_3844155_y6_1_SDVVYTDWKK_2	766.1667684	140.6486964	126.0805903	78.24913008	171.0790988	78.41464728	110.4093794	156.1067836	63.88876616	136.0099976	81.82878278	109.9289927	97.19580504	119.2413444	212.2946794	145.1572403	130.3377991	180.5979493	31.18407231	29.50250114	40.46849806	46.93913956	47.41648905	31.97380052	49.06128904	42.7620549	39.37809566
1/sp|P02763|A1AG1_HUMAN_SDVVYTDWKK_3844157_y7_1_SDVVYTDWKK_2	61.03909436	40.43610694	84.0639435	43.18432096	72.2012993	32.22100624	43.91103118	45.49233838	8.870546678	39.6565317	62.26148944	165.0242335	57.0984754	49.40315154	128.8324538	64.53124458	88.73991878	81.30285096	18.43666213	9.876427955	43.48176811	28.83231955	33.94719071	26.92816041	20.93227546	23.33653987	26.54778646
1/sp|P02763|A1AG1_HUMAN_SDVVYTDWKK_3844151_y5_1_SDVVYTDWKK_2	84.99492426	41.0257954	28.1198984	57.4268852	113.1797371	63.76788304	89.19774748	32.4592305	13.32247111	63.58946882	55.68342958	86.27206396	58.73441784	54.162312	44.96163312	30.71754936	76.9443703	20.8061873	7.417558755	17.11154105	7.172499395	33.33741871	14.59660795	19.01598991	18.7267901	30.98602193	17.56110475
1/sp|P02647|APOA1_HUMAN_DSGRDYVSQFEGSALGK_18642_y8_1_DSGRDYVSQFEGSALGK_3	318.6699666	42.5087169	58.1794982	70.79651632	58.16001624	69.82044376	64.50966102	152.6306233	26.68634942	69.58488052	28.20487752	28.9571225	59.11513862	93.8586242	144.4653641	81.88875462	93.20258714	92.6178771	16.83665565	15.16455929	59.95847885	19.66784202	24.76107505	12.66627392	32.82667901	27.91644068	16.08329918
1/sp|P02647|APOA1_HUMAN_DSGRDYVSQFEGSALGK_18629_y6_1_DSGRDYVSQFEGSALGK_3	58.44688152	21.36236546	27.27802104	28.66962102	92.97901256	54.44329754	111.3048478	131.7439683	16.35476723	112.2460032	44.62118848	34.90790924	44.0624699	34.66933168	48.66987712	48.35729976	94.41830444	45.79411176	9.170745085	17.63620832	9.848432085	12.7237585	37.70877672	13.56185941	7.55412049	8.25411793	14.66675074
1/sp|P02647|APOA1_HUMAN_DSGRDYVSQFEGSALGK_18637_b6_1_DSGRDYVSQFEGSALGK_3	1270.116456	2821.87462	2507.122758	2195.755508	4250.626482	2446.482186	1522.448656	2957.450724	2456.722548	1235.43997	3078.081942	2966.300364	1749.948332	1295.42061	1883.650338	2783.312896	3235.964696	5464.125738	348.5373628	802.931031	805.9297345	2448.273743	761.5170845	369.1652352	549.4873565	1186.324821	997.9943985
1/sp|P04217|A1BG_HUMAN_LETPDFQLFK_61555_y7_1_LETPDFQLFK_2	578.5827324	379.8595576	420.401318	315.24836	486.0411188	418.3442708	304.5211428	427.6915786	287.9532128	494.1944856	273.5736648	296.2145054	487.7643112	332.7128624	568.5285346	572.199359	480.8388666	427.6928872	94.31115345	106.6374816	187.7386915	113.9792508	159.8463492	128.2793272	119.4119679	120.6234734	131.6810199
1/sp|P04217|A1BG_HUMAN_LETPDFQLFK_61556_y8_1_LETPDFQLFK_2	119.7179147	47.18368972	43.9040045	77.28818554	40.3663688	45.8400792	85.24631152	82.71187194	60.41059358	126.6733426	62.26653226	176.6406727	93.21962178	101.7902043	98.980951	98.66587292	77.86230568	104.6112203	22.54284875	12.53832475	25.01373704	26.52026951	54.44451945	28.46084682	41.40856579	47.87399688	12.21422363
1/sp|P04217|A1BG_HUMAN_LETPDFQLFK_61548_y7_2_LETPDFQLFK_2	33.99457824	26.95588134	15.84170405	65.69130284	5.275582018	80.12980994	28.91699152	83.79436334	45.63630706	116.0040541	76.11667182	62.37885634	81.17082594	51.1741625	59.56453484	37.70087342	100.9076947	79.06574436	10.42469995	22.16393807	20.75115635	37.45721371	45.31887251	14.89273717	16.53972336	13.62341543	30.01472197
1/sp|P02748|CO9_HUMAN_LSPIYNLVPVK_68096_y9_2_LSPIYNLVPVK_2	127.326487	112.9314051	70.49359674	144.6820854	97.03425014	194.6807869	315.4057366	230.8842262	86.17759638	31.4354742	26.10501054	97.13081104	51.45094198	46.57272024	88.13614272	87.90475912	82.89842984	116.5483414	15.10657491	29.35233656	68.9075253	58.79376935	51.26651055	40.11707107	16.68121354	17.22819906	96.0494855
1/sp|P02748|CO9_HUMAN_LSPIYNLVPVK_68103_y7_1_LSPIYNLVPVK_2	41.6248183	20.53047412	18.78443366	38.67916844	33.67256518	79.4724481	46.48702	48.68175472	32.62848416	31.18884246	22.07972706	23.25165554	28.57246308	38.50855772	88.11334832	39.86025616	63.8063216	72.17013022	5.572925745	17.35169631	8.905079985	21.16106445	11.81774655	16.12429965	6.659152025	7.440165485	16.68975084
1/sp|P02748|CO9_HUMAN_LSPIYNLVPVK_68095_y4_1_LSPIYNLVPVK_2	112.8731765	68.26729336	92.00047872	NA	126.2620237	91.08968664	140.7039597	57.72637482	79.0318565	119.3113856	83.74316808	72.83511208	143.0060497	88.5563891	254.7263472	111.5285111	179.2730714	195.6583327	18.95083906	36.86685303	52.43912605	92.06507645	47.26812474	47.77631866	26.10319587	108.5228529	45.16298648
1/sp|P02790|HEMO_HUMAN_NFPSPVDAAFR_74976_y9_1_NFPSPVDAAFR_2	326.3214976	370.7743126	293.7455442	355.2935464	381.053235	308.1559334	276.8432434	258.3198988	272.1076312	322.61896	170.9709334	357.4818598	366.5261294	204.3079304	354.52321	405.2291528	346.1827782	294.7878096	86.09514365	101.2901097	118.4559454	66.75192075	125.6831448	109.3357977	88.92782245	101.3791064	62.79855715
1/sp|P02790|HEMO_HUMAN_NFPSPVDAAFR_74974_y7_1_NFPSPVDAAFR_2	421.3806062	102.1653283	156.8594678	151.741778	150.6026271	195.9086075	103.9090828	242.3473338	232.9105784	71.94905114	88.5403201	157.9106553	83.05707652	68.71557904	157.6320056	114.4926676	123.9957207	188.0184371	15.41289025	45.12777145	33.98277923	56.14570345	35.24019541	41.55414997	39.64673543	36.19838845	66.9908231
1/sp|P02790|HEMO_HUMAN_NFPSPVDAAFR_74970_y9_2_NFPSPVDAAFR_2	113.2290923	141.7871203	141.430224	158.1364137	133.3204989	517.7562734	172.7445013	355.0239416	135.4679901	196.5227356	171.2608963	158.7490196	126.0594178	194.8466074	197.3771298	166.5825552	161.570161	243.1772614	30.64736633	63.5018837	52.09016465	52.31252345	55.81046455	60.34979235	27.75168091	42.45434599	61.1153493
1/sp|P08603|CFAH_HUMAN_TGDEITYQC(UniMod_4)R_103154_y5_1_TGDEITYQC(UniMod_4)R_2	99.56995082	34.90059322	32.13623064	88.38240898	58.1647072	69.35437676	70.88502512	30.46797814	62.68582672	78.6459246	46.69347746	65.00661194	62.99912154	63.6981572	69.04508768	111.9977063	191.3995639	37.78522146	21.45848269	NA	49.57642615	31.6132276	30.3941138	15.79822771	22.75154432	17.02531779	12.48112537
1/sp|P08603|CFAH_HUMAN_TGDEITYQC(UniMod_4)R_103153_y4_1_TGDEITYQC(UniMod_4)R_2	128.9832196	114.7213864	114.646582	100.0356337	118.883951	123.7378158	159.9323777	173.2225571	212.920947	151.4236583	114.2740521	131.2956326	126.423837	128.2774831	260.4121652	146.5950208	169.0929899	193.4526861	24.03570917	43.33969791	80.12319455	65.4381281	70.35319055	52.6747603	48.1932018	63.37866475	59.89947705
1/sp|P08603|CFAH_HUMAN_TGDEITYQC(UniMod_4)R_103149_b4_1_TGDEITYQC(UniMod_4)R_2	58.5335524	84.26305438	96.4373516	72.13896634	67.67084654	62.34732524	71.41497682	114.8816994	43.75633972	151.0962547	205.5143362	199.8617285	59.48744568	218.6016968	153.0490532	84.81132538	230.0636154	157.3632572	19.32868859	26.31087756	89.63380745	104.7579454	67.9144657	48.72662025	23.3232106	33.81794871	42.51123737
1/sp|P01023|A2MG_HUMAN_VGFYESDVMGR_112375_y7_1_VGFYESDVMGR_2	155.276337	112.8199707	79.64458486	92.0687609	113.1263009	99.6316041	87.77137546	122.5914314	56.53399308	150.7591914	78.75407322	114.3409237	135.452809	105.850342	208.5329644	90.03195814	143.1399407	368.8648186	27.01832561	38.76432026	58.8935865	61.8185871	62.94739265	46.70133003	50.8315437	111.9064655	44.47110203
1/sp|P01023|A2MG_HUMAN_VGFYESDVMGR_112373_y6_1_VGFYESDVMGR_2	4692.964112	5096.525376	4877.813616	5120.219618	4626.515576	5005.199076	8045.104586	4901.547674	3122.666362	4816.697044	3549.649818	2733.8464	5325.656108	5262.336456	6170.635626	3530.95148	4809.516628	5301.812716	1368.343038	1088.518811	937.955664	917.7362265	1061.107174	1079.44854	753.198752	711.8061825	1560.675384
1/sp|P01023|A2MG_HUMAN_VGFYESDVMGR_112380_y8_1_VGFYESDVMGR_2	42.4278428	19.07620217	24.72671464	46.82501004	22.30166514	23.54873424	33.37148894	36.9046471	28.26275264	61.69122664	31.09473574	39.95582876	135.3206435	50.5850646	66.727089	24.07540886	20.1812231	80.89853992	6.52859235	12.90329786	13.25595502	14.77124952	6.620568455	10.5944247	5.048767855	21.41108707	14.05230112
1/sp|P01023|A2MG_HUMAN_VTAAPQSVC(UniMod_4)ALR_117323_y8_1_VTAAPQSVC(UniMod_4)ALR_2	18.93777465	30.202068	35.7198817	36.73352734	29.6391508	87.36295354	82.25245328	41.3633594	41.75787584	29.42891958	19.19837862	67.34488672	49.09948286	52.57397804	173.2193272	61.30889516	149.6209841	33.11352102	17.5638386	11.96512538	20.88215238	15.81536303	31.37397693	23.15089564	6.700124825	10.53588308	7.84194286
1/sp|P01023|A2MG_HUMAN_VTAAPQSVC(UniMod_4)ALR_117312_y8_2_VTAAPQSVC(UniMod_4)ALR_2	915.6815648	1090.132724	1211.477462	975.8217788	903.7307934	907.8877142	1284.729507	781.6452166	800.4556764	1279.833681	711.9423692	752.8778828	1522.281866	868.689281	583.370458	494.3039164	370.415911	924.6362188	90.8736984	200.7253896	168.8963431	196.6120273	237.2894966	121.9687017	107.2813389	197.3965924	313.0439363
1/sp|P01023|A2MG_HUMAN_VTAAPQSVC(UniMod_4)ALR_117320_y6_1_VTAAPQSVC(UniMod_4)ALR_2	1815.287566	1145.431616	1183.729343	1139.764183	1570.722842	1562.406258	2089.62785	1327.723905	1632.07494	856.1943662	587.9501484	404.1708558	510.3113246	659.1612494	707.4657242	894.1793622	915.3703864	814.071762	206.9697398	217.3554903	188.0639231	296.10805	189.1029493	207.881983	237.8712224	289.7256359	236.3404345
1/sp|P01019|ANGT_HUMAN_ALQDQLVLVAAK_5536_y9_1_ALQDQLVLVAAK_2	234.7518338	218.6241426	224.4687888	167.1428521	430.8529312	195.8761541	194.8815854	95.1952027	192.5568531	246.0788592	222.5859002	232.1410128	163.6629563	179.5792716	297.6437276	309.2168092	93.74919746	395.6280988	15.50407084	83.7851541	77.40751135	101.3471483	99.32148445	68.39353575	76.52570085	88.592054	80.72914355
1/sp|P01019|ANGT_HUMAN_ALQDQLVLVAAK_5524_y5_1_ALQDQLVLVAAK_2	47.16252198	30.0665539	33.70057016	57.5535627	96.23433858	21.98447994	45.89400714	103.8210083	35.70173814	38.74255564	30.6864239	31.06450808	27.01680154	28.46627952	42.0848521	21.47485608	54.37317646	55.0003067	10.61597519	8.789711905	8.64296747	12.57673751	5.22869201	11.33094684	8.155731375	15.75231401	14.5136988
1/sp|P01019|ANGT_HUMAN_ALQDQLVLVAAK_5529_y6_1_ALQDQLVLVAAK_2	24.0338337	42.2621199	59.09421886	52.1364427	52.14885006	44.55654688	45.51088086	123.5930407	10.66027692	39.46415896	32.19060628	50.68800406	51.83674604	40.71218744	118.6678559	34.97411708	27.87757768	218.636474	6.851715785	19.48209793	30.24755542	32.15185446	45.76094201	17.66652033	12.38293717	12.27183326	9.77236047
1/sp|P01008|ANT3_HUMAN_ATEDEGSEQKIPEATNR_8149_y6_1_ATEDEGSEQKIPEATNR_3	93.68575206	29.56527478	44.3484282	36.45273782	44.29291076	124.7366596	81.4286128	62.05767002	152.61953	92.80710722	36.87193076	60.02962824	53.37189914	34.51887098	25.95642988	111.9977063	221.045109	109.3072768	36.11106163	64.1930239	37.83291817	20.82904344	34.23862833	58.89263855	10.29661756	82.2137693	5.33611417
1/sp|P01008|ANT3_HUMAN_ATEDEGSEQKIPEATNR_8142_y4_1_ATEDEGSEQKIPEATNR_3	33.5919355	32.08538006	49.36983862	9.549733882	50.33630184	45.73442532	43.2939837	71.77726838	13.3928201	39.91035686	28.88424162	88.33963506	44.43319938	29.57190014	62.59469874	59.06362892	27.52362324	59.9474339	10.26872615	16.24744386	29.41357748	13.95523517	10.11177292	18.34514828	18.6933609	11.30078048	16.88079311
1/sp|P01008|ANT3_HUMAN_ATEDEGSEQKIPEATNR_8152_y7_1_ATEDEGSEQKIPEATNR_3	20.177545	20.53047412	15.41135146	40.1457182	40.55441532	27.29620146	54.83845904	11.66358452	25.5261819	42.68743008	12.05471782	25.5960155	34.83945656	20.2741369	20.7966726	33.00331646	28.00639092	58.6421506	1.758419457	12.25695651	6.795652425	9.34188174	31.37397693	6.679495695	2.523709982	6.92240615	8.7053594
1/sp|P01019|ANGT_HUMAN_QPFVQGLALYTPVVLPR_83873_y6_1_QPFVQGLALYTPVVLPR_3	223.699413	189.879686	247.2472438	212.315531	221.9254922	231.4649228	239.3968138	218.8932794	110.1861241	196.5328064	134.3732067	291.2698602	244.0556886	215.201285	270.3692702	167.7532831	181.7419543	339.8080068	73.80128595	71.47431125	144.1167125	121.7596041	173.634836	97.99478685	74.2063341	175.9331762	52.74293545
1/sp|P01019|ANGT_HUMAN_QPFVQGLALYTPVVLPR_83867_y4_1_QPFVQGLALYTPVVLPR_3	65.30914228	54.41550252	19.21838861	44.44336268	114.6314889	99.30454586	42.52463756	46.37096242	60.67521364	51.58302536	60.2925785	74.43169006	55.44079752	53.33283102	51.8461808	84.90823814	105.608363	119.9864061	24.35430905	13.15583175	65.7347111	23.14199372	31.06385881	34.61177334	29.94227055	59.4655513	39.52945107
1/sp|P01019|ANGT_HUMAN_QPFVQGLALYTPVVLPR_83875_y7_1_QPFVQGLALYTPVVLPR_3	19.96388244	35.56076308	32.16767666	50.2309407	35.91790596	25.92847058	64.22433902	62.88754316	22.9621967	38.06616812	63.67190666	110.7783103	17.26361874	70.71936154	51.06073268	27.49086056	42.02718258	92.81313172	5.5954548	10.82039678	17.59092984	26.78122756	39.54810546	26.21266662	17.60015301	23.17876214	23.99316414
1/sp|P09871|C1S_HUMAN_TNFDNDIALVR_106039_y5_1_TNFDNDIALVR_2	59.5182089	21.78806606	37.73919326	53.43672826	86.04025898	32.63713106	62.04051922	34.59363322	36.9198225	22.11320602	41.63488608	19.33453675	18.14663852	54.92169602	106.4585791	49.41014122	70.2345763	98.00239902	5.7772838	15.11519214	33.56106235	19.96706041	11.8673093	20.87951539	11.554942	7.040330185	19.28957378
1/sp|P09871|C1S_HUMAN_TNFDNDIALVR_106035_y4_1_TNFDNDIALVR_2	282.2964612	236.1935194	234.726557	176.6491879	340.184729	96.95149344	335.6424192	231.2254824	196.622682	234.7379104	208.1823098	230.2615608	145.5601392	182.115862	522.8097866	357.4291014	510.0463112	353.3499912	54.6218745	87.20352275	80.5291317	155.875452	78.9440673	88.0823271	56.75575095	44.92866206	96.90744885
1/sp|P09871|C1S_HUMAN_TNFDNDIALVR_106041_y6_1_TNFDNDIALVR_2	39.42224758	30.202068	58.39364952	27.74844734	30.92121202	62.30892202	42.46395608	51.7543905	34.20538666	82.90011634	40.21532872	62.81785878	77.59937762	83.94060882	133.4601429	67.3773338	144.8479006	111.453454	14.87862343	25.17002956	23.869163	19.11295451	22.88794861	26.21266662	17.2664353	27.3428523	8.133807945
1/sp|P68871|HBB_HUMAN_VNVDEVGGEALGR_115106_y10_1_VNVDEVGGEALGR_2	219.7219736	292.5593	177.6637902	164.4358572	270.3444128	206.7210016	712.7719414	194.0968028	79.33575348	341.634266	201.9969606	132.9567135	386.836496	249.058483	514.6038028	316.7980632	444.7215274	295.6930442	115.4374656	61.0364731	98.46866155	78.1017391	74.34628535	122.6032601	61.486769	114.7334811	55.74477725
1/sp|P68871|HBB_HUMAN_VNVDEVGGEALGR_115101_y8_1_VNVDEVGGEALGR_2	505.9977584	631.1881212	460.4511958	510.0610384	551.492323	442.26063	1191.011107	567.2609514	437.1955918	483.0796158	332.5748054	342.4653684	645.2849022	476.1337724	1043.614944	599.8556582	658.5018852	531.9470878	202.7739248	124.4577975	148.5181791	133.8841944	160.9580017	194.5419542	120.3987614	127.9557629	160.2640458
1/sp|P68871|HBB_HUMAN_VNVDEVGGEALGR_115104_y9_1_VNVDEVGGEALGR_2	52.46075026	20.99888536	14.75331384	20.96549354	34.3154314	42.55579424	45.82737648	35.60078232	50.32757116	39.7233278	19.06174938	28.18256572	14.10889488	42.42832448	22.25478986	99.3399229	76.9443703	59.74568432	14.17059905	7.829090875	5.25828302	11.08593448	6.043956065	17.09234557	4.851524033	0.943866458	17.44301361
1/sp|P01019|ANGT_HUMAN_DPTFIPAPIQAK_17888_y7_1_DPTFIPAPIQAK_2	112.9771816	41.22194812	22.79159084	75.30498308	96.17335602	170.5067837	84.47577554	90.3675348	74.09844008	81.70045852	72.18562626	108.4245617	48.36854104	70.68112682	97.91685732	69.97951386	93.21296438	121.4524396	16.58644121	23.89483412	22.947493	30.71140879	52.95132015	6.060192075	16.56392411	22.3642452	28.25365519
1/sp|P01019|ANGT_HUMAN_DPTFIPAPIQAK_17885_y5_1_DPTFIPAPIQAK_2	73.66327256	99.18419386	152.3405965	20.64603794	192.2963352	51.13521342	68.66907982	86.6046307	49.25644246	53.80682142	30.93667446	53.56803392	71.76428836	84.46669024	241.4842924	176.6054324	265.693675	189.6482653	15.60718118	23.47509048	42.02286382	16.20229889	54.6275453	45.00115833	28.31649286	88.4345585	13.05643345
1/sp|P01019|ANGT_HUMAN_DPTFIPAPIQAK_17884_b4_1_DPTFIPAPIQAK_2	778.123581	907.3433604	503.144131	769.313527	1123.73095	936.4827732	1672.596083	784.3708346	738.6394344	1729.796822	1169.823684	1127.208743	2096.15533	1555.422011	1582.020786	865.6352986	1280.987948	1230.453276	408.0477765	284.7448535	140.6927473	272.1548245	368.6907143	375.566966	154.0569584	223.0593236	291.9523365
1/sp|P08697|A2AP_HUMAN_LGNQEPGGQTALK_62599_y8_1_LGNQEPGGQTALK_2	54.74132478	62.36724496	21.79845418	126.5611277	107.2295535	31.13922594	122.8031576	28.555392	52.92500834	25.0376417	35.14539098	44.00595226	50.01938278	28.4071573	152.7412223	42.4622554	42.02718258	59.21269194	23.81010816	16.79961921	45.61498575	11.26581436	18.40656893	30.49058636	8.946008595	60.9919591	25.29889231
1/sp|P08697|A2AP_HUMAN_LGNQEPGGQTALK_62594_b5_1_LGNQEPGGQTALK_2	117.3160009	159.4695134	119.3891579	322.313208	174.3319774	60.14518116	151.5559522	104.8184073	105.0195424	234.1768232	143.8217414	117.6957717	132.0384167	147.7966613	193.2364313	131.5914422	206.4380028	280.811475	20.48520972	28.65898589	65.2950463	72.0380373	98.2260289	78.31976725	50.66497205	52.86259565	54.17317735
1/sp|P08697|A2AP_HUMAN_LGNQEPGGQTALK_62600_y9_1_LGNQEPGGQTALK_2	15.76839031	8.45892725	55.982457	24.5642023	26.72218616	39.74803348	21.34248974	40.75286528	28.4439924	40.20878124	15.60056975	5.733736972	25.04080462	43.54102562	144.363961	45.44973602	42.204047	46.47181988	9.091715995	12.2603459	5.46198034	7.681551635	12.15577747	9.36604031	3.867219549	13.99079198	12.47652049
1/sp|P02671|FIBA_HUMAN_NNKDSHSLTTNIMEILR_76888_y7_1_NNKDSHSLTTNIMEILR_3	23.24117202	23.41441102	28.5157599	6.078475942	39.6649675	40.49049536	26.99398314	10.84182175	113.9385695	20.50278306	27.75732614	58.36698256	27.01680154	16.60347993	34.9876987	29.46473492	60.42988054	80.89853992	3.837855793	17.27226676	18.35642847	16.86116451	9.99763822	9.833378305	15.94619216	11.83299101	22.04166099
1/sp|P02671|FIBA_HUMAN_NNKDSHSLTTNIMEILR_76880_y4_1_NNKDSHSLTTNIMEILR_3	165.4716581	183.9898319	240.3131996	205.3998236	243.4549836	127.2386371	236.279689	395.6511626	193.1659785	239.2800448	242.9668232	312.6688384	163.2142246	230.387195	307.899077	219.961238	534.2410934	370.797068	57.2850041	95.48148635	132.2276935	114.2707046	99.0639525	109.6022275	43.67317451	104.1931385	116.2637329
1/sp|P02671|FIBA_HUMAN_NNKDSHSLTTNIMEILR_76878_y3_1_NNKDSHSLTTNIMEILR_3	94.25627252	198.1177481	98.43815378	55.54531934	211.9174196	75.83261802	65.09291724	187.0044343	160.4517841	272.476675	228.998177	170.5302803	167.2750709	102.7612954	337.9962052	217.7770846	170.0564949	408.747911	37.57992949	85.11831295	55.2403331	122.190033	77.4598843	60.5802038	29.40338251	96.107806	49.1914154
1/sp|P02768|ALBU_HUMAN_SLHTLFGDKLC(UniMod_4)TVATLR_94912_y7_1_SLHTLFGDKLC(UniMod_4)TVATLR_3	303.244435	107.7078726	179.3887432	82.17778952	61.22036124	180.7402449	240.7984374	405.9110094	945.928468	227.2752454	104.3242283	255.2994782	213.8486854	231.651065	96.30101134	47.43789414	377.1701468	506.8176952	51.8288037	51.7092732	106.9150446	42.70214413	139.3685108	57.5445991	11.33579496	213.1551723	78.96110885
1/sp|P02768|ALBU_HUMAN_SLHTLFGDKLC(UniMod_4)TVATLR_94905_y6_1_SLHTLFGDKLC(UniMod_4)TVATLR_3	7.72879993	72.452939	21.04374992	65.88942054	59.7602473	35.136945	105.2821503	28.65444496	45.64595986	8.415444418	62.77774942	24.72131402	34.95830034	33.91136376	114.9838975	36.55907472	14.66830946	109.3072768	5.43642095	11.68650795	14.64312768	49.61483166	13.25900758	25.49039292	9.314802075	41.77858312	10.94787937
1/sp|P19823|ITIH2_HUMAN_FYNQVSTPLLR_34333_y6_1_FYNQVSTPLLR_2	181.0313412	211.4002392	186.4079704	176.1115451	223.8426694	156.1324478	348.1832608	218.9938836	94.80820424	287.5006576	157.2569504	181.9295654	264.5290708	199.2170483	343.976007	217.4896008	346.4647686	363.4354408	67.9641316	61.66522895	95.64938605	72.3694394	154.6471195	99.3952648	67.89843765	73.8145749	83.3381763
1/sp|P19823|ITIH2_HUMAN_FYNQVSTPLLR_34334_y7_1_FYNQVSTPLLR_2	50.16133426	34.14515922	79.85694494	76.44765826	67.47260226	20.05674746	119.0090176	34.50322246	25.58992372	54.14265162	40.92810158	60.36170534	38.49907364	54.12726352	92.49179028	52.75760936	55.24283506	65.32485196	13.94827984	12.8137984	15.61671427	23.93955309	24.76107505	10.70862403	13.55743969	12.19827892	17.41853499
1/sp|P19823|ITIH2_HUMAN_FYNQVSTPLLR_34328_y4_1_FYNQVSTPLLR_2	993.0711198	1313.124603	6687.810162	3356.198688	1228.688241	1679.74336	4908.894718	2163.908074	1162.336075	997.2533264	891.4057476	419.4985608	550.9443276	1086.540444	882.7461338	520.8572908	2913.954142	791.4327792	1620.256028	835.9063275	685.106224	352.5009829	297.0590423	905.63885	131.9327958	614.10818	653.6941775
1/sp|P01008|ANT3_HUMAN_KATEDEGSEQKIPEATNR_54339_y6_1_KATEDEGSEQKIPEATNR_3	53.76175548	35.75269744	64.92884702	54.19900272	69.67572434	139.4699663	13.05258888	64.75935582	8.191688074	61.45610438	52.11562556	33.22579098	4.380935718	70.50995564	57.41355306	27.99567482	59.4607357	134.8675693	9.06914259	15.4239702	8.37067641	16.04036762	15.01200643	19.58603315	15.17004481	10.36754921	41.57892928
1/sp|P01008|ANT3_HUMAN_KATEDEGSEQKIPEATNR_54331_y4_1_KATEDEGSEQKIPEATNR_3	59.28909634	10.49610317	5.579895558	11.05631227	21.08344184	21.98447994	53.19506146	23.9830015	9.694197382	33.43401328	11.30984418	64.89812182	19.5103621	29.59030946	71.63448884	17.13242292	75.06541142	7.038401716	9.132383605	7.71935333	19.31074208	8.17409729	5.14121214	5.228782795	8.34703988	1.986226862	5.69327778
1/sp|P01008|ANT3_HUMAN_KATEDEGSEQKIPEATNR_54348_b10_1_KATEDEGSEQKIPEATNR_3	54.02157968	3.38214018	35.76565754	29.60055332	48.0106028	21.3390177	16.27706057	25.49605192	36.35014046	74.03082844	26.67879032	70.44450472	55.63308606	19.73513356	70.57572094	72.39654712	62.14505936	54.4376811	3.850849914	15.26147611	15.48812736	13.89446874	12.59736106	10.90243449	14.40415981	7.55944432	16.42400032
1/sp|P00734|THRB_HUMAN_LAVTTHGLPC(UniMod_4)LAWASAQAK_60214_y7_1_LAVTTHGLPC(UniMod_4)LAWASAQAK_3	207.6313864	334.9571098	320.4766436	243.0035222	243.2714242	209.1730368	236.35798	222.9134552	249.9477824	511.1545272	347.9318064	413.6028884	333.914205	303.249117	457.272693	345.9695286	1081.586848	318.2589588	69.16863785	59.8609944	179.3037518	149.6935933	175.1703094	132.2159201	144.5658202	169.6762589	97.3121943
1/sp|P00734|THRB_HUMAN_LAVTTHGLPC(UniMod_4)LAWASAQAK_60206_y6_1_LAVTTHGLPC(UniMod_4)LAWASAQAK_3	38.74583792	48.77365152	49.91178474	23.36444858	79.03318046	58.45075262	37.5639851	40.24053772	21.3528408	64.19844364	42.2838356	44.74017298	24.57682308	30.16489232	126.5223372	93.88821828	90.5029232	108.3178108	21.29585661	21.37288463	41.17057654	31.33719047	25.2317592	73.4599394	25.16989677	11.979761	19.42681157
1/sp|P00734|THRB_HUMAN_LAVTTHGLPC(UniMod_4)LAWASAQAK_60204_y5_1_LAVTTHGLPC(UniMod_4)LAWASAQAK_3	127.9028483	41.22194812	78.52725636	53.10640934	89.46935466	128.4893554	75.15557434	62.2214287	35.56743098	53.48578912	37.11493226	102.3581565	43.92942796	58.89261942	102.2036956	91.94453878	87.15829064	44.28098986	12.78905345	24.34311739	43.37173144	23.30437512	33.13696392	38.11747041	12.67020627	36.05167492	22.6548988
1/sp|P02774|VTDB_HUMAN_VMDKYTFELSR_114719_y7_1_VMDKYTFELSR_2	75.3328174	34.65821456	35.2235124	30.55321226	110.4799846	72.26779138	53.06465574	97.86830278	69.49421766	148.6878959	63.85975218	91.73690542	73.17726726	64.11944716	54.11539522	85.11435858	58.07672648	97.30175558	6.626247825	24.40614034	15.19969518	34.62037805	46.46497062	15.50992207	17.2664353	20.76648461	29.86815324
1/sp|P02774|VTDB_HUMAN_VMDKYTFELSR_114716_y6_1_VMDKYTFELSR_2	105.1023789	105.6438751	84.60270522	50.93190176	111.9935347	99.90259008	92.03859316	573.4102118	68.26514906	51.58138116	83.2199742	98.25448342	80.8206049	75.37921794	67.35468058	80.84965452	87.0472992	233.5363102	32.63639817	29.76122434	71.4557745	48.33091582	79.56171205	60.6093363	94.8210129	18.04175636	71.34910745
1/sp|P02774|VTDB_HUMAN_VMDKYTFELSR_114714_y5_1_VMDKYTFELSR_2	3.15120229	6.659261328	76.48645006	30.76016794	43.51890148	22.55061162	48.0247604	71.4286995	14.63721668	34.38477858	20.80136902	19.51691836	22.3436819	27.01955562	59.780123	53.60125666	38.85287228	48.67178344	7.07274889	9.05742435	8.176200005	12.03394702	6.61139017	10.80968726	13.00997417	14.53355866	14.11840549
1/sp|P25311|ZA2G_HUMAN_YSLTYIYTGLSK_125676_y6_1_YSLTYIYTGLSK_2	49.6424395	61.08733096	65.20091472	34.3885207	48.37710996	114.8728066	42.04108936	65.98566236	41.2775655	84.09484152	30.61172694	62.80725318	43.08735494	28.46220822	47.09770266	34.36443454	35.5244824	27.84935874	5.81906012	9.62143799	15.86654026	11.34993085	33.13696392	23.6206172	30.14602407	16.37456228	22.80183109
1/sp|P25311|ZA2G_HUMAN_YSLTYIYTGLSK_125680_y7_1_YSLTYIYTGLSK_2	8237.068088	12983.62179	16478.7445	14698.548	7182.214692	11933.17247	12362.58083	11980.79771	5840.430762	2343.92626	2069.058428	2382.209792	2356.963084	2935.700686	3380.388116	1061.737192	2274.918622	2731.514858	2042.449657	4171.696751	1582.353742	1031.785808	1117.694014	1296.962251	582.1162555	1220.448841	7461.73663
1/sp|P25311|ZA2G_HUMAN_YSLTYIYTGLSK_125683_y8_1_YSLTYIYTGLSK_2	127.6119357	109.4915264	136.2284966	112.2469391	176.3915151	177.547731	69.62308806	125.6193051	116.9375967	177.5088683	167.7419447	120.4822636	119.9840118	142.3406022	257.9069116	171.9346349	192.8898271	210.140259	35.39141793	51.626749	56.0696735	69.0177208	88.3669288	63.48391785	39.02295329	54.6577054	48.36956404
1/iRT_protein_DGLDAASYYAPVR_353530_y7_1_DGLDAASYYAPVR_2	744.1354088	668.1495482	926.4173852	1065.035509	726.0941328	860.1235086	978.909066	1099.472227	798.6499358	615.5701786	578.5578728	763.8903242	481.6012622	687.4814934	1028.973271	840.0203148	957.3215444	1003.61489	160.7443736	206.5217324	256.3715769	294.1843425	224.652075	211.5235433	180.3201397	242.2472406	277.8371423
1/iRT_protein_DGLDAASYYAPVR_353531_y8_1_DGLDAASYYAPVR_2	171.7468179	113.6631109	78.92789446	158.4527392	165.2049904	202.9726328	153.4349367	127.6699449	60.01149996	202.4088072	197.7499501	134.4785307	151.8975976	202.8015532	178.3789566	171.6133402	105.2262095	185.286699	29.65041124	44.77370332	59.69540265	66.18139155	60.4735743	47.93183314	48.05420061	57.683425	50.37905245
1/iRT_protein_DGLDAASYYAPVR_353535_y5_1_DGLDAASYYAPVR_2	17.27318512	35.60558292	27.28498692	21.01483884	24.94043514	17.64444954	13.41177572	19.65463136	28.33614726	34.06045786	24.77149652	8.604204408	15.15393134	23.38902742	51.1024869	40.31968776	63.24865726	40.59631984	9.350134915	24.13818228	16.35059318	22.4653483	10.9772854	13.10310226	7.23897457	13.02177141	26.54221213
1/sp|P01008|ANT3_HUMAN_DIPMNPMC(UniMod_4)IYR_15994_y6_1_DIPMNPMC(UniMod_4)IYR_2	26.41483336	40.55949332	27.28598204	58.29061214	84.4432912	21.93057122	42.000873	51.94119506	21.3528408	64.38444508	26.53443924	60.85564828	40.51468514	54.34852926	83.81884088	71.34840664	75.79836104	48.49987006	9.263211785	19.48312947	13.04473521	26.44369255	15.1552417	17.34839361	9.40697173	15.0431892	28.67960735
1/sp|P01008|ANT3_HUMAN_DIPMNPMC(UniMod_4)IYR_15990_y9_2_DIPMNPMC(UniMod_4)IYR_2	170.1532043	126.7896992	382.877072	325.6200798	293.8257538	293.1245962	184.2399555	444.0209116	577.752109	338.0252218	430.7209336	233.3615264	253.9838766	273.6809342	439.8083486	275.1309988	305.422748	434.6485798	79.77769465	55.25142815	139.844134	99.76384525	110.9789889	90.27838665	69.7682524	123.8501549	103.2894604
1/sp|P01008|ANT3_HUMAN_DIPMNPMC(UniMod_4)IYR_15996_y7_1_DIPMNPMC(UniMod_4)IYR_2	33.16611772	66.27535912	15.46009278	54.02408468	51.63753484	33.34695922	29.33200532	17.89990946	2.209211266	13.39253429	12.20939095	7.344154396	43.75922544	4.963981736	51.1024869	17.00112058	75.06541142	32.29535946	13.88481709	12.60650546	23.54302806	11.22569727	10.20663322	6.34230045	18.2227098	10.15716008	1.212806375
1/sp|P02766|TTHY_HUMAN_AADDTWEPFASGK_225_y6_1_AADDTWEPFASGK_2	165.3846104	39.37167972	147.1494174	148.6120338	183.2727534	277.5722016	136.5264555	53.9816415	82.42099026	557.5027942	305.986471	457.209305	233.3615014	357.0998868	477.9218624	434.2107702	549.3625502	634.8312586	70.30529085	152.2006665	114.7127715	134.5351829	114.8111937	115.7110443	62.3851072	96.00506705	139.0058217
1/sp|P02766|TTHY_HUMAN_AADDTWEPFASGK_233_y8_1_AADDTWEPFASGK_2	45.31304088	106.3692534	76.01137648	38.27354268	54.90999306	117.9302783	66.66278314	52.53639914	28.1778745	64.1032849	53.27153732	56.7227663	62.61612206	79.33013894	103.9239272	80.0475929	92.9817322	76.84690484	14.6658835	35.25217856	20.62365355	29.62290203	34.00253038	19.92979645	10.11446092	19.88789692	33.1554981
1/sp|P02766|TTHY_HUMAN_AADDTWEPFASGK_229_y7_1_AADDTWEPFASGK_2	25.3651737	52.94066618	36.9860812	24.64816296	43.88806006	27.68564236	36.75347076	32.1866687	14.63721668	35.5525798	26.88901342	37.18950488	26.49795554	31.67657982	58.27569264	42.17784536	119.443041	65.87854702	5.1987128	10.55057211	27.181104	18.9549618	6.588336475	18.34514828	15.80585075	38.95676089	19.73709621
1/sp|P02765|FETUA_HUMAN_HTFMGVVSLGSPSGEVSHPR_46639_y9_1_HTFMGVVSLGSPSGEVSHPR_3	80.10329542	314.5298092	67.64614058	55.97966848	111.4958845	59.99535458	90.6852769	34.76758526	202.6157436	161.4971256	106.658587	96.85193584	118.0502587	113.8663571	222.2198296	72.10381996	196.6123269	233.5363102	21.87841897	28.27244841	78.55606045	41.95674262	52.24988305	44.78684918	49.51581907	20.22783878	26.74070705
1/sp|P02765|FETUA_HUMAN_HTFMGVVSLGSPSGEVSHPR_46628_b6_1_HTFMGVVSLGSPSGEVSHPR_3	294.181676	399.0143262	277.8752602	374.002413	383.3660848	269.0603938	347.3075436	330.5554256	311.8605526	223.6045434	188.4995041	212.6388728	186.0711434	213.427619	424.9216884	338.5690818	606.7126438	536.9177592	163.7489869	62.9374771	146.090386	113.9353639	79.7339399	106.1592977	67.77015835	106.7333881	117.3210395
1/sp|P02765|FETUA_HUMAN_HTFMGVVSLGSPSGEVSHPR_46619_y9_2_HTFMGVVSLGSPSGEVSHPR_3	36.11217382	32.90145264	14.26024835	33.7921422	34.08883738	35.136945	26.66558918	48.68175472	17.90296094	33.28623976	34.13682446	33.16719936	5.505148774	11.62990412	23.42071272	36.4804235	74.25147412	45.18866004	4.200999346	12.31069549	4.335504827	19.12538912	7.707601595	11.22681145	22.41181472	16.23360664	9.979216895
1/sp|P02768|ALBU_HUMAN_LVRPEVDVMC(UniMod_4)TAFHDNEETFLKK_69818_b7_1_LVRPEVDVMC(UniMod_4)TAFHDNEETFLKK_4	209.6380056	168.595184	262.3472998	167.1351189	192.5272122	229.96846	235.3915974	336.5451374	158.3314952	294.9181066	271.9473514	253.3939468	163.1356966	239.6166314	291.041873	186.7830807	298.6640004	348.7020378	51.69442765	75.68992265	102.0474129	91.69147545	67.6056433	73.4763595	54.93303575	94.40583875	87.40562555
1/sp|P02768|ALBU_HUMAN_LVRPEVDVM(UniMod_35)C(UniMod_4)TAFHDNEETFLKK_69900_b7_1_LVRPEVDVM(UniMod_35)C(UniMod_4)TAFHDNEETFLKK_4	128.4918335	96.83141598	76.86818076	60.8536219	31.28241636	930.6032974	140.2975127	166.3376015	59.49440908	83.0600159	129.9315743	119.553317	71.50258664	34.54843208	231.4036292	386.5625972	26.0189221	42.96251368	60.92557545	79.4914394	21.77720157	37.72452972	44.02181856	70.28449875	11.69352196	16.74797898	1434.22273
