ProteinName	Sample1	Sample2	Sample3	Sample4	Sample5	Sample6	Sample7	Sample8	Sample9	Sample10	Sample11	Sample12	Sample13	Sample14	Sample15	Sample16	Sample17	Sample18	Sample19	Sample20	Sample21	Sample22	Sample23	Sample24	Sample25	Sample26	Sample27
1/sp|P01859|IGHG2_HUMAN_GLPAPIEK_39319_y6_1_GLPAPIEK_2	13.39178411	13.19203343	20.34055469	21.93584309	22.19728801	11.70962435	21.33711331	11.35128784	17.93013855	2.941072238	2.135070473	1.050553049	3.674119334	2.33615145	10.57093851	23.71944268	14.48240679	0.29996443	2.941072238	2.135070473	1.050553049	3.674119334	2.33615145	10.57093851	23.71944268	14.48240679	11.87291519
1/sp|P01859|IGHG2_HUMAN_GLPAPIEK_39317_y4_1_GLPAPIEK_2	0.777250404	NA	0.849664886	0.987498754	1.10653781	1.269241609	1.578615482	1.660727143	0.356583107	1.258247053	1.432840267	1.129095462	1.606281008	1.020898828	2.860710853	1.36120262	1.255553464	2.526217178	1.258247053	1.432840267	1.129095462	1.606281008	1.020898828	2.860710853	1.36120262	1.255553464	2.526217178
1/sp|P01859|IGHG2_HUMAN_GLPAPIEK_39318_y5_1_GLPAPIEK_2	1.160399564	0.497672596	0.420602856	0.447223569	0.313368089	0.357845637	0.564860576	0.287390449	0.393899215	0.58860369	0.459821009	0.788583889	0.61881103	0.470032554	1.200680266	0.414262166	1.199053134	0.971650613	0.58860369	0.459821009	0.788583889	0.61881103	0.470032554	1.200680266	0.414262166	1.199053134	0.971650613
1/sp|P01042|KNG1_HUMAN_IC(UniMod_4)VGC(UniMod_4)PR_48516_y5_1_IC(UniMod_4)VGC(UniMod_4)PR_2	9.111458288	0.612211699	0.749227606	1.035341161	1.017741229	1.255265829	0.987953492	0.71558683	1.466287272	3.095072323	1.386667999	1.613991591	0.898716977	2.758124313	3.131052322	2.148001331	3.428690917	1.893364318	3.095072323	1.386667999	1.613991591	0.898716977	2.758124313	3.131052322	2.148001331	3.428690917	1.893364318
1/sp|P01042|KNG1_HUMAN_IC(UniMod_4)VGC(UniMod_4)PR_48515_y4_1_IC(UniMod_4)VGC(UniMod_4)PR_2	0.962017672	0.475826563	0.480324475	0.469044696	0.454525978	0.767560351	0.354823606	0.630578678	0.579750367	0.917662844	0.400985516	0.506851954	0.358140185	0.713982123	0.806482939	0.691601781	1.104815622	0.798266099	0.917662844	0.400985516	0.506851954	0.358140185	0.713982123	0.806482939	0.691601781	1.104815622	0.798266099
1/sp|P01042|KNG1_HUMAN_IC(UniMod_4)VGC(UniMod_4)PR_48517_y6_1_IC(UniMod_4)VGC(UniMod_4)PR_2	0.649306802	0.499945113	0.17093619	0.470799417	0.368695722	0.246663217	0.297529503	0.419975079	0.532784481	0.265874707	0.221169264	NA	0.225256467	0.484843295	0.563576486	0.413430244	0.325938164	0.377712861	0.265874707	0.221169264	0.143689704	0.225256467	0.484843295	0.563576486	0.413430244	0.325938164	0.377712861
1/sp|Q14624|ITIH4_HUMAN_MNFRPGVLSSR_72146_y10_2_MNFRPGVLSSR_3	0.698447082	0.456323463	0.443269382	0.38219831	0.684232842	0.261641488	0.421700431	0.369598085	0.194873774	0.510692921	0.794056277	1.047363735	0.348338561	0.461589229	0.950979717	0.587218585	0.679699249	0.844011618	0.510692921	0.794056277	1.047363735	0.348338561	0.461589229	0.950979717	0.587218585	0.679699249	0.844011618
1/sp|Q14624|ITIH4_HUMAN_MNFRPGVLSSR_72143_y9_2_MNFRPGVLSSR_3	1.341198188	0.723742119	1.280790365	0.926260115	1.334704561	1.058530184	1.629576957	0.987390164	1.068763329	1.4874906	0.95154592	1.302568003	1.697362055	0.871317228	2.102510751	1.402820684	1.86423429	1.144527528	1.4874906	0.95154592	1.302568003	1.697362055	0.871317228	2.102510751	1.402820684	1.86423429	1.144527528
1/sp|Q14624|ITIH4_HUMAN_MNFRPGVLSSR_72150_y7_1_MNFRPGVLSSR_3	0.577152961	0.540846143	0.37835773	0.410255961	0.298145252	0.244636346	0.66829446	0.53641841	0.501119635	1.478468171	0.751226303	0.29996443	1.56177789	0.400867772	1.471034667	0.642647875	1.676862981	1.023302516	1.478468171	0.751226303	0.29996443	1.56177789	0.400867772	1.471034667	0.642647875	1.676862981	1.023302516
1/sp|P02751|FINC_HUMAN_LGVRPSQGGEAPR_62868_y12_2_LGVRPSQGGEAPR_3	0.555802341	0.164573944	0.657056202	12.85331876	0.701260729	1.128980373	0.821941575	0.66054769	0.504095791	1.061857025	0.423689018	0.936288625	0.427479332	0.801664629	1.620238433	0.792060235	0.816335288	0.912032361	1.061857025	0.423689018	0.936288625	0.427479332	0.801664629	1.620238433	0.792060235	0.816335288	0.912032361
1/sp|P02751|FINC_HUMAN_LGVRPSQGGEAPR_62867_y6_1_LGVRPSQGGEAPR_3	2.427369235	1.943217192	3.388405122	1.568590756	1.677607133	2.265148916	1.577306777	2.484845377	2.942757727	2.3742137	1.319039609	1.254160497	2.880860253	2.465476806	2.759717508	3.203734829	2.95831129	4.83823247	2.3742137	1.319039609	1.254160497	2.880860253	2.465476806	2.759717508	3.203734829	NA	4.83823247
1/sp|P02751|FINC_HUMAN_LGVRPSQGGEAPR_62866_y11_2_LGVRPSQGGEAPR_3	2.157968055	0.422161031	0.228047571	NA	NA	NA	NA	NA	NA	NA	NA	NA	NA	NA	NA	NA	NA	NA	0.473897082	0.39349357	0.241792683	0.290616232	0.533803407	1.034365822	0.835135809	0.346024127	0.858993184
1/sp|P01860|IGHG3_HUMAN_TPLGDTTHTC(UniMod_4)PR_106764_y4_1_TPLGDTTHTC(UniMod_4)PR_3	0.921750229	0.583213107	0.968356681	0.329898689	0.918406524	0.556509655	1.337692507	1.604714146	1.02968941	0.63650041	0.750330943	1.08237232	0.640431633	0.718653996	1.451017036	0.810882751	0.611049841	1.351677238	0.63650041	0.750330943	1.08237232	0.640431633	0.718653996	1.451017036	0.810882751	0.611049841	1.351677238
1/sp|P01860|IGHG3_HUMAN_TPLGDTTHTC(UniMod_4)PR_106763_y9_2_TPLGDTTHTC(UniMod_4)PR_3	1.323909995	1.202338378	1.614018006	1.247094609	1.358088503	1.663689124	1.766320694	2.25799287	0.492383111	2.144343873	1.832580315	2.990209331	2.305190414	1.401069816	2.549028061	1.088566988	0.664890849	1.417155056	2.144343873	1.832580315	2.990209331	2.305190414	1.401069816	2.549028061	1.088566988	0.664890849	1.417155056
1/sp|P01860|IGHG3_HUMAN_TPLGDTTHTC(UniMod_4)PR_106765_y10_2_TPLGDTTHTC(UniMod_4)PR_3	0.418082378	1.185564432	0.176718196	2.671221549	0.834037145	0.34086676	0.405522185	0.567756742	1.501025258	0.207557031	0.407124855	1.190798462	0.248422007	0.262475888	2.29351102	0.771936058	0.632770835	2.420981538	0.207557031	0.407124855	1.190798462	0.248422007	0.262475888	2.29351102	0.771936058	0.632770835	2.420981538
1/sp|P69905|HBA_HUMAN_TYFPHFDLSHGSAQVK_109221_y6_1_TYFPHFDLSHGSAQVK_4	1.030886803	0.653658987	0.651105061	0.742128431	0.922539073	1.415515604	0.799234251	0.577444212	0.554035812	NA	NA	NA	NA	NA	NA	NA	NA	NA	0.843427418	0.684106815	0.284701734	0.685754035	0.594860104	0.833447257	0.953670464	0.655891329	1.042027009
1/sp|P69905|HBA_HUMAN_TYFPHFDLSHGSAQVK_109223_y12_2_TYFPHFDLSHGSAQVK_4	6.868064881	3.986356831	6.020486211	6.467364432	5.308729127	6.50448348	5.754717722	6.430585924	5.044897827	4.330840653	3.548515099	3.575578369	2.889031821	4.210788886	5.516512545	6.665233854	4.838350881	4.298970039	4.330840653	3.548515099	3.575578369	2.889031821	4.210788886	5.516512545	6.665233854	4.838350881	4.298970039
1/sp|P69905|HBA_HUMAN_TYFPHFDLSHGSAQVK_109222_y11_2_TYFPHFDLSHGSAQVK_4	1.234385615	1.493022056	3.325196903	4.141856412	2.821152183	2.519646012	3.526655437	2.827847981	2.589336659	2.521065206	3.02878531	3.914561773	1.40369851	3.348985174	3.490748977	3.562932081	8.542915687	4.144398722	2.521065206	3.02878531	3.914561773	1.40369851	3.348985174	3.490748977	3.562932081	8.542915687	4.144398722
1/sp|P68871|HBB_HUMAN_SAVTALWGK_89370_y6_1_SAVTALWGK_2	46.43817037	46.06295086	37.87274113	44.06003366	44.84398151	37.89439209	65.77612658	44.19111044	29.06894337	30.97991636	15.83136418	16.4655595	34.02968029	24.79531108	15.02832699	20.72994429	18.91545065	10.78581536	30.97991636	15.83136418	16.4655595	34.02968029	24.79531108	15.02832699	20.72994429	18.91545065	10.78581536
1/sp|P68871|HBB_HUMAN_SAVTALWGK_89374_y7_1_SAVTALWGK_2	26.19030736	2.491915786	2.275515214	2.130678126	3.852432528	2.508723672	1.479968626	1.270443983	3.345983443	2.741585739	1.40126543	1.903254615	1.694859513	2.467883657	1.927284064	2.467560453	1.908675921	1.349109674	2.741585739	1.40126543	1.903254615	1.694859513	2.467883657	1.927284064	2.467560453	1.908675921	1.349109674
1/sp|P68871|HBB_HUMAN_SAVTALWGK_89368_y5_1_SAVTALWGK_2	0.283166772	0.08959818	0.585671507	0.541377194	0.326023248	0.650638778	0.425086307	0.166117372	0.872698689	0.836640636	0.351956894	0.400051074	0.598099088	0.542637846	0.75718629	0.759599902	0.911312261	0.458943499	0.836640636	0.351956894	0.400051074	0.598099088	0.542637846	0.75718629	0.759599902	0.911312261	0.458943499
1/sp|P05155|IC1_HUMAN_TLYSSSPR_105478_y6_1_TLYSSSPR_2	6.461135879	3.632569745	6.755064298	6.710834737	5.373973393	5.874358566	5.896219597	6.300863684	6.46407778	11.70667616	7.667898821	10.29787678	9.329034914	10.4776962	9.177230349	7.58649447	9.894897659	9.890297216	11.70667616	7.667898821	10.29787678	9.329034914	10.4776962	9.177230349	7.58649447	9.894897659	9.890297216
1/sp|P05155|IC1_HUMAN_TLYSSSPR_105476_y5_1_TLYSSSPR_2	0.250074913	0.332451038	0.249628973	0.248430467	0.823142466	0.563049926	0.960618034	0.369598085	0.340643598	0.580142668	0.544011648	0.370249663	0.533452207	0.652117412	0.874377364	0.506596757	0.873627116	1.700713214	0.580142668	0.544011648	0.370249663	0.533452207	0.652117412	0.874377364	0.506596757	0.873627116	1.700713214
1/sp|P05155|IC1_HUMAN_TLYSSSPR_105474_y4_1_TLYSSSPR_2	0.973031518	0.741614981	0.383748309	0.799967158	1.083834786	0.847637084	0.324030048	0.374338246	0.292376528	0.120434702	0.395577005	0.653651186	0.572107548	0.506120303	1.267775538	0.736093159	0.860160701	1.028196166	0.120434702	0.395577005	0.653651186	0.572107548	0.506120303	1.267775538	0.736093159	0.860160701	1.028196166
1/sp|P01876|IGHA1_HUMAN_TPLTATLSK_106793_y6_1_TPLTATLSK_2	1.362958253	NA	1.355262984	1.314820127	2.122867683	1.649623602	2.465215152	2.35975569	0.975257878	1.552691122	1.191129376	1.813478892	0.980998693	0.918119769	2.761864102	1.687691499	4.32897151	2.299766383	1.552691122	1.191129376	1.813478892	0.980998693	0.918119769	2.761864102	1.687691499	4.32897151	2.299766383
1/sp|P01876|IGHA1_HUMAN_TPLTATLSK_106794_y7_1_TPLTATLSK_2	0.240630225	0.116070972	0.132543238	0.118290312	0.463543801	0.61522982	0.212128875	0.038671055	0.771137613	0.285608775	0.191784998	0.153559482	0.107610381	0.151308517	0.252476638	0.031005677	0.182887708	0.231004157	0.285608775	0.191784998	0.153559482	0.107610381	0.151308517	0.252476638	0.031005677	0.182887708	0.231004157
1/sp|P01876|IGHA1_HUMAN_TPLTATLSK_106788_y8_2_TPLTATLSK_2	0.943944901	0.828100774	1.396751834	1.225957489	1.182825318	0.867730688	1.401767029	0.617477324	0.948274466	1.403376912	0.500265269	0.952562361	1.962601742	0.87355861	1.471409674	0.428369724	1.055400428	0.721216992	1.403376912	0.500265269	0.952562361	1.962601742	0.87355861	1.471409674	NA	1.055400428	0.721216992
1/sp|P00738|HPT_HUMAN_VGYVSGWGR_112732_y5_1_VGYVSGWGR_2	9.153203394	11.02185478	4.944883352	0.970966378	13.57202072	4.774901344	5.324549713	3.087077245	6.11170736	2.808056288	6.435018496	2.368831223	4.549264321	1.10367952	3.792953137	16.32209528	5.566090474	5.779335967	2.808056288	6.435018496	2.368831223	4.549264321	1.10367952	3.792953137	16.32209528	5.566090474	5.779335967
1/sp|P00738|HPT_HUMAN_VGYVSGWGR_112733_y6_1_VGYVSGWGR_2	1.906047208	1.571286247	1.365599558	1.795676218	1.810346407	2.283009897	1.838282111	1.767208602	1.561823298	1.912348186	1.372921924	2.363448859	1.951112604	2.237448998	2.222520845	NA	2.331020684	2.234135791	1.912348186	1.372921924	2.363448859	1.951112604	2.237448998	2.222520845	1.777569835	2.331020684	2.234135791
1/sp|P00738|HPT_HUMAN_VGYVSGWGR_112737_y8_1_VGYVSGWGR_2	6.282512575	4.91303148	4.908156865	4.293008287	4.919838633	4.520032145	4.975099596	5.447338694	3.119751126	5.980802341	3.284230798	4.167765068	5.584478379	4.638606962	6.48537623	5.069106485	6.909719273	4.714043177	5.980802341	3.284230798	4.167765068	5.584478379	4.638606962	6.48537623	5.069106485	6.909719273	4.714043177
1/sp|P00751|CFAB_HUMAN_C(UniMod_4)LVNLIEK_11883_y6_1_C(UniMod_4)LVNLIEK_2	0.43841053	0.34553988	0.187097536	0.415553653	0.481703249	0.516637641	0.363010954	0.753260621	0.162592077	0.749882099	0.257783372	1.19336089	0.461376437	0.089058924	0.63596324	0.260683609	0.357611762	0.438053086	0.749882099	0.257783372	1.19336089	0.461376437	0.089058924	0.63596324	0.260683609	0.357611762	0.438053086
1/sp|P00751|CFAB_HUMAN_C(UniMod_4)LVNLIEK_11881_y5_1_C(UniMod_4)LVNLIEK_2	70.52383817	35.79096254	38.4765536	50.59072451	34.36528184	35.26887161	34.317238	38.64307695	37.19407189	42.62174381	30.76882222	34.69197524	36.87525811	53.43127145	26.83397056	29.60282326	30.8596424	27.3250939	42.62174381	30.76882222	34.69197524	36.87525811	53.43127145	26.83397056	29.60282326	30.8596424	27.3250939
1/sp|P00751|CFAB_HUMAN_C(UniMod_4)LVNLIEK_11879_y4_1_C(UniMod_4)LVNLIEK_2	3.150668952	2.881102922	2.929589806	2.705399487	3.335059112	4.086378024	3.260205502	3.259358708	3.281772824	4.052657417	2.879654276	3.623365319	2.501222891	3.109481833	3.903127695	3.26124502	3.325303254	3.400716775	4.052657417	2.879654276	3.623365319	2.501222891	3.109481833	3.903127695	3.26124502	3.325303254	3.400716775
1/sp|P01011|AACT_HUMAN_EQLSLLDR_26417_y5_1_EQLSLLDR_2	2.362292618	0.68251248	1.608588768	NA	2.948892288	6.507438422	2.352082987	2.34931765	2.177281478	3.97695485	5.071124788	1.685378625	2.880860253	3.673910294	3.739184847	3.96811554	2.414716763	4.873370154	3.97695485	5.071124788	1.685378625	2.880860253	3.673910294	3.739184847	3.96811554	2.414716763	4.873370154
1/sp|P01011|AACT_HUMAN_EQLSLLDR_26418_y6_1_EQLSLLDR_2	1.098927894	1.241828955	2.425905351	2.140374915	2.118420674	1.659913365	2.333709121	7.399386693	2.015522441	1.356118948	1.585881807	1.42504106	0.910770037	2.09144974	2.899039185	2.103218012	8.258962499	3.223870238	1.356118948	1.585881807	1.42504106	0.910770037	2.09144974	2.899039185	2.103218012	8.258962499	3.223870238
1/sp|P01011|AACT_HUMAN_EQLSLLDR_26415_y3_1_EQLSLLDR_2	1.98507012	4.235480128	2.994344402	1.922726945	2.681972668	3.136528411	4.04485044	3.472612172	1.143460201	3.607324706	2.279762971	1.531132734	3.09617252	2.490469393	1.888047955	2.057885931	1.144267259	3.171853652	3.607324706	2.279762971	1.531132734	3.09617252	2.490469393	1.888047955	2.057885931	1.144267259	3.171853652
1/sp|P02768|ALBU_HUMAN_SLHTLFGDKLC(UniMod_4)TVATLR_94921_y4_1_SLHTLFGDKLC(UniMod_4)TVATLR_4	0.415955094	0.314309314	1.633475797	0.497198465	0.962760245	0.366412779	1.01627409	1.38632237	0.92545929	0.658292969	0.257601622	0.244084937	0.430892663	0.031350117	0.43256704	0.077502668	0.569935786	0.821209085	0.658292969	0.257601622	0.244084937	0.430892663	0.031350117	0.43256704	0.077502668	0.569935786	0.821209085
1/sp|P01621|KV303_HUMAN_LLIYGATSR_2669695_y7_1_LLIYGATSR_2	0.599004522	0.707394936	0.683997014	1.271097402	1.103462539	1.081383922	1.229107586	1.592834149	0.845046501	0.951504438	0.590549332	NA	NA	0.603006871	1.440030614	1.119984675	1.163120786	1.772925345	0.951504438	0.590549332	0.903941672	1.007824414	0.603006871	1.440030614	1.119984675	1.163120786	1.772925345
1/sp|P01621|KV303_HUMAN_LLIYGATSR_2669691_y6_1_LLIYGATSR_2	4.248279301	3.54649151	4.261432403	4.274388127	4.040217165	3.722942075	4.615133617	7.468713572	1.895631638	1.895368754	3.65565221	1.907104588	3.517838123	2.717164836	4.382697374	4.388774068	2.612369325	5.537659662	1.895368754	3.65565221	1.907104588	3.517838123	2.717164836	4.382697374	4.388774068	2.612369325	5.537659662
1/sp|P01621|KV303_HUMAN_LLIYGATSR_2669682_y4_1_LLIYGATSR_2	9.158921902	15.23411897	15.28868127	12.01637282	12.42894613	9.486369937	8.052086457	13.20533125	7.905543548	18.90475784	12.28749808	14.40753341	12.33953367	15.25375165	28.93918395	18.0891289	7.537302923	27.93372	18.90475784	12.28749808	14.40753341	12.33953367	15.25375165	28.93918395	18.0891289	7.537302923	27.93372
1/sp|P02790|HEMO_HUMAN_DVRDYFMPC(UniMod_4)PGR_20095_y5_1_DVRDYFMPC(UniMod_4)PGR_3	1.206456424	0.43401866	0.13219796	0.268420872	0.823543589	0.766231722	1.348823718	0.608271403	0.147546426	0.587096625	0.450783228	0.622498907	0.400998349	0.613930114	0.530971542	0.901489841	0.781498438	0.960315876	0.587096625	0.450783228	0.622498907	0.400998349	0.613930114	0.530971542	0.901489841	0.781498438	0.960315876
1/sp|P02790|HEMO_HUMAN_DVRDYFMPC(UniMod_4)PGR_20098_b6_1_DVRDYFMPC(UniMod_4)PGR_3	0.522724206	0.054154177	0.128302536	0.516676984	0.468421646	0.463947746	0.556355441	0.267974887	1.035520494	0.4198698	0.371478807	0.425063237	0.368786629	0.319838496	0.594246911	0.346296971	0.534167762	0.459231796	0.4198698	0.371478807	0.425063237	0.368786629	0.319838496	0.594246911	0.346296971	0.534167762	0.459231796
1/sp|P02790|HEMO_HUMAN_DVRDYFMPC(UniMod_4)PGR_20094_y4_1_DVRDYFMPC(UniMod_4)PGR_3	0.388885966	0.069253289	0.384115574	0.169547384	0.122902371	0.179466528	0.087496867	0.11479369	0.041655882	0.183893865	0.058905706	0.065912853	0.111116707	0.085874357	0.37232535	0.075243527	0.16423137	0.250404052	0.183893865	0.058905706	0.065912853	0.111116707	0.085874357	0.37232535	0.075243527	0.16423137	0.250404052
1/sp|P02766|TTHY_HUMAN_KAADDTWEPFASGK_53887_y6_1_KAADDTWEPFASGK_3	2.289095722	1.949987798	4.781305508	3.091885128	1.774025036	0.830758895	6.503741631	6.313776723	3.031658521	0.904393686	2.398895614	6.008976853	3.664968882	1.850966469	6.885315048	2.527660798	16.56201881	5.319194929	0.904393686	2.398895614	6.008976853	3.664968882	1.850966469	6.885315048	2.527660798	16.56201881	5.319194929
1/sp|P02766|TTHY_HUMAN_KAADDTWEPFASGK_53890_b7_1_KAADDTWEPFASGK_3	2.59759777	3.862467337	6.501289098	2.658904973	4.215002468	3.094962228	3.695284763	6.476481018	3.217016676	1.68842927	2.500637608	4.982317281	1.942262203	1.460998301	8.052518803	4.989579984	11.44217961	4.842322831	1.68842927	2.500637608	4.982317281	1.942262203	1.460998301	8.052518803	4.989579984	11.44217961	4.842322831
1/sp|P02766|TTHY_HUMAN_KAADDTWEPFASGK_53885_b6_1_KAADDTWEPFASGK_3	7.872234816	9.166691742	11.44641407	15.59347737	11.69952265	15.64650421	12.81331541	6.871673823	4.172195098	39.18818072	26.66757527	30.14123913	38.15674699	33.17201823	26.80500448	15.13448784	47.04344039	27.67055697	39.18818072	26.66757527	30.14123913	38.15674699	33.17201823	26.80500448	15.13448784	47.04344039	27.67055697
1/sp|P04114|APOB_HUMAN_TGISPLALIK_103431_y7_1_TGISPLALIK_2	1.14527983	0.870439999	1.261842396	1.083051684	1.495854186	1.613549235	0.739117621	1.405250733	0.526906926	1.589010389	1.209451735	0.849225191	1.280750482	1.364081647	1.677552479	1.825792791	3.675150672	1.092306424	1.589010389	1.209451735	0.849225191	1.280750482	1.364081647	1.677552479	1.825792791	3.675150672	1.092306424
1/sp|P04114|APOB_HUMAN_TGISPLALIK_103430_y6_1_TGISPLALIK_2	0.254992829	0.132025745	0.621818103	0.34771637	0.771065904	0.46264976	0.54935835	0.517646079	0.12434049	0.495337826	0.295614252	0.533767996	0.68696913	0.599867217	0.846813034	1.387033916	1.252321744	1.298135391	0.495337826	0.295614252	0.533767996	0.68696913	0.599867217	0.846813034	1.387033916	1.252321744	1.298135391
1/sp|P04114|APOB_HUMAN_TGISPLALIK_103427_y4_1_TGISPLALIK_2	0.22409619	0.177201668	0.242583286	0.058922854	0.027288445	0.285887333	0.196992103	0.246816872	0.610988893	0.13352945	0.096001932	0.198283762	0.036832698	0.067733349	0.230765009	0.27131641	0.182887708	0.66437575	0.13352945	0.096001932	0.198283762	0.036832698	0.067733349	0.230765009	0.27131641	0.182887708	0.66437575
1/sp|P01011|AACT_HUMAN_EIGELYLPK_23731_y7_1_EIGELYLPK_2	1.176056838	0.785648458	0.416340651	0.643636064	0.523575954	0.471114027	0.332012279	1.009041026	0.935573775	0.775327543	0.68502896	0.952562361	0.404979859	0.744469641	0.971540462	0.510708077	1.862188447	0.864544741	0.775327543	0.68502896	0.952562361	0.404979859	0.744469641	0.971540462	0.510708077	1.862188447	0.864544741
1/sp|P01011|AACT_HUMAN_EIGELYLPK_23727_y5_1_EIGELYLPK_2	26.65076159	25.99716291	33.05287281	27.9986382	27.10298832	26.91032635	33.47799147	27.69524087	19.32121373	40.81326584	25.6063439	19.62886988	36.38155929	34.60731908	19.02960315	18.89539108	11.0027752	24.32138861	40.81326584	25.6063439	19.62886988	36.38155929	34.60731908	19.02960315	18.89539108	11.0027752	24.32138861
1/sp|P01011|AACT_HUMAN_EIGELYLPK_23725_y4_1_EIGELYLPK_2	0.566653781	0.490904124	0.454705333	0.570159086	0.288582696	0.427133549	0.397216389	0.753395132	0.481163427	0.672482834	0.592137257	0.641531369	0.55597296	0.555976538	0.650190241	0.593123257	0.832096771	1.186621291	0.672482834	0.592137257	0.641531369	0.55597296	0.555976538	0.650190241	0.593123257	0.832096771	1.186621291
1/sp|P04114|APOB_HUMAN_IPSVQINFK_51277_y8_2_IPSVQINFK_2	0.549425061	0.786651352	0.646741374	0.422878774	0.494566397	0.314777908	0.210110061	0.805972724	0.517576384	0.509372992	0.247880842	0.425899086	0.344008056	0.305053543	0.778975507	0.63733367	0.441159948	0.59587205	0.509372992	0.247880842	0.425899086	0.344008056	0.305053543	0.778975507	0.63733367	0.441159948	0.59587205
1/sp|P04114|APOB_HUMAN_IPSVQINFK_51282_y7_1_IPSVQINFK_2	0.953963726	0.600970744	0.142098165	0.349265442	0.664523379	0.409031795	1.895593548	0.702716834	0.84367662	0.666085294	0.247029485	0.518315334	0.504432506	0.352386881	0.87726104	0.819711224	0.597703931	0.659814751	0.666085294	0.247029485	0.518315334	0.504432506	0.352386881	0.87726104	0.819711224	0.597703931	0.659814751
1/sp|P04114|APOB_HUMAN_IPSVQINFK_51283_y8_1_IPSVQINFK_2	1.944093583	2.107913831	1.524980434	0.85080265	1.869323759	1.820500223	1.76374662	3.422977676	1.950519796	0.479086974	0.857116034	0.885500215	1.102318793	1.279828907	1.479716732	1.102556013	0.847373496	1.72696545	0.479086974	0.857116034	0.885500215	1.102318793	1.279828907	1.479716732	1.102556013	0.847373496	1.72696545
1/sp|P04433|KV309_HUMAN_LLIYDASNR_64590_y6_1_LLIYDASNR_2	0.327119222	0.771439361	0.212667146	0.301532565	0.176146644	0.83787921	0.438424693	0.602605807	0.312619643	NA	0.444881121	0.48261654	0.272172751	0.399879244	1.181055747	0.55735938	0.334042113	0.867159123	0.419268471	0.444881121	0.48261654	0.272172751	0.399879244	1.181055747	0.55735938	0.334042113	0.867159123
1/sp|P04433|KV309_HUMAN_LLIYDASNR_64591_y7_1_LLIYDASNR_2	1.431932604	1.040865939	0.935662857	1.259400008	1.026971993	0.96576909	1.999787232	1.383621392	0.711093208	1.336120395	1.030544236	1.463414151	1.241533345	0.993299534	1.853236933	0.941525277	0.69878557	1.653957424	1.336120395	1.030544236	1.463414151	1.241533345	0.993299534	1.853236933	0.941525277	0.69878557	1.653957424
1/sp|P04433|KV309_HUMAN_LLIYDASNR_64587_y5_1_LLIYDASNR_2	NA	132.6183063	257.4067735	186.337044	117.1418095	184.1563486	178.3114292	245.4257615	109.9116889	116.3633814	183.1021086	125.6611056	162.5686351	138.5227567	129.0707881	69.19464029	589.5178197	210.9990853	116.3633814	183.1021086	125.6611056	162.5686351	138.5227567	129.0707881	69.19464029	589.5178197	210.9990853
1/sp|P69905|HBA_HUMAN_MFLSFPTTK_71294_y7_1_MFLSFPTTK_2	0.444378364	0.301145789	0.195241635	0.585897926	0.369280073	0.905978579	0.972251927	0.506274534	0.340029375	0.917662844	0.749035732	1.118201979	0.773160005	0.801664629	1.913284653	0.533876783	0.873512088	NA	0.917662844	0.749035732	1.118201979	0.773160005	0.801664629	1.913284653	0.533876783	0.873512088	1.214263265
1/sp|P69905|HBA_HUMAN_MFLSFPTTK_71291_y6_1_MFLSFPTTK_2	3.913838103	3.915919487	7.996564568	5.405791872	4.889630661	4.224406637	7.737824027	4.766148972	2.042414931	6.66836331	4.861308232	3.400514336	4.715568467	5.184059967	4.697056939	2.469689647	6.828241578	4.979078896	6.66836331	4.861308232	3.400514336	4.715568467	5.184059967	4.697056939	2.469689647	6.828241578	4.979078896
1/sp|P69905|HBA_HUMAN_MFLSFPTTK_71285_y4_1_MFLSFPTTK_2	1.442276241	1.550878408	1.280005094	1.738125846	1.704373377	3.216859049	2.054420591	1.785733434	1.128417783	2.255854206	1.450096996	2.280940383	2.145525664	1.918871951	3.334099377	2.251260664	4.861712385	2.09327458	2.255854206	1.450096996	2.280940383	2.145525664	1.918871951	3.334099377	2.251260664	4.861712385	2.09327458
1/sp|P02748|CO9_HUMAN_RPWNVASLIYETK_87931_y5_1_RPWNVASLIYETK_3	1.046777392	0.923858008	1.964408033	1.181649112	1.244917557	0.727631427	2.000601922	1.480103317	0.888630115	1.731273331	2.228031051	2.2192015	1.483456405	1.145352456	2.574109585	1.287288852	1.300764684	2.767597795	1.731273331	2.228031051	2.2192015	1.483456405	1.145352456	2.574109585	1.287288852	1.300764684	2.767597795
1/sp|P02748|CO9_HUMAN_RPWNVASLIYETK_87930_b4_1_RPWNVASLIYETK_3	0.880117207	0.717041929	0.821987128	1.055011917	1.501908161	0.751183407	1.09401923	0.577202092	0.340029375	0.795248747	0.664676735	0.812665219	0.5490782	0.811111526	1.579879888	1.028567613	1.010942364	0.907670951	0.795248747	0.664676735	0.812665219	0.5490782	0.811111526	1.579879888	1.028567613	1.010942364	0.907670951
1/sp|P02748|CO9_HUMAN_RPWNVASLIYETK_87937_y7_1_RPWNVASLIYETK_3	1.008067671	0.449068481	0.79053524	1.551714142	1.239824294	1.944474257	1.54628788	2.323948908	1.983174675	1.865616697	1.427931092	2.150792707	1.154495522	1.434514324	1.144237788	1.205756079	0.590060091	1.429460639	1.865616697	1.427931092	2.150792707	1.154495522	1.434514324	1.144237788	1.205756079	0.590060091	1.429460639
1/sp|P00747|PLMN_HUMAN_WELC(UniMod_4)DIPR_120319_y6_1_WELC(UniMod_4)DIPR_2	1.135020827	0.263603388	0.266646385	0.28365006	0.881436424	0.391170813	0.327164583	0.257389961	0.199409331	0.42536909	0.45110464	3.284571881	5.023513102	0.502148996	0.926019748	0.764479488	1.313543673	0.909112434	0.42536909	0.45110464	3.284571881	5.023513102	0.502148996	0.926019748	0.764479488	1.313543673	0.909112434
1/sp|P00747|PLMN_HUMAN_WELC(UniMod_4)DIPR_120317_y5_1_WELC(UniMod_4)DIPR_2	0.555802341	0.702531964	0.552281814	2.157059292	0.887047183	0.391996008	0.532859428	0.266286238	0.579750367	0.499357497	0.523169654	0.590297594	0.913734358	0.947066471	1.882686645	1.112001294	0.47035498	0.937779462	0.499357497	0.523169654	0.590297594	0.913734358	0.947066471	1.882686645	1.112001294	0.47035498	0.937779462
1/sp|P00747|PLMN_HUMAN_WELC(UniMod_4)DIPR_120321_y7_1_WELC(UniMod_4)DIPR_2	0.237139648	0.248732808	0.383748309	0.421103935	0.449950214	1.060607398	0.164164131	0.687240018	0.347543512	0.564997164	0.428142861	0.415729584	0.229595484	0.498381841	1.251014005	0.553831942	0.318696919	1.095103147	0.564997164	0.428142861	0.415729584	0.229595484	0.498381841	1.251014005	0.553831942	0.318696919	1.095103147
1/sp|P04004|VTNC_HUMAN_DWHGVPGQVDAAMAGR_20409_y7_1_DWHGVPGQVDAAMAGR_3	3.157554035	2.933573517	2.953824456	3.474794266	7.230946548	2.944741746	1.596570446	1.030490122	2.568424769	3.079103422	1.421022662	3.944534154	0.979200523	1.239342205	3.438997971	4.100213379	3.144053045	2.302173783	3.079103422	1.421022662	3.944534154	0.979200523	1.239342205	3.438997971	4.100213379	3.144053045	2.302173783
1/sp|P04004|VTNC_HUMAN_DWHGVPGQVDAAMAGR_20406_b5_1_DWHGVPGQVDAAMAGR_3	0.328974306	0.715588798	0.608548243	0.270707597	0.065767706	0.336110398	0.977446299	0.47677631	0.501493422	0.290504241	0.4124511	1.262603421	0.596079604	0.357980665	0.526507662	0.401787722	0.334042113	0.459231796	0.290504241	0.4124511	1.262603421	0.596079604	0.357980665	0.526507662	0.401787722	0.334042113	0.459231796
1/sp|P04004|VTNC_HUMAN_DWHGVPGQVDAAMAGR_20401_y5_1_DWHGVPGQVDAAMAGR_3	1.631730398	2.083231953	1.99126911	1.787260263	1.901841897	2.533807842	1.695020852	4.552196056	1.815398671	1.865349716	1.232304463	1.423470676	1.336380975	1.874276407	1.952275068	2.078569845	2.783250644	2.994982474	1.865349716	1.232304463	1.423470676	1.336380975	1.874276407	1.952275068	2.078569845	2.783250644	2.994982474
1/sp|P08603|CFAH_HUMAN_IVSSAMEPDREYHFGQAVR_53229_y12_2_IVSSAMEPDREYHFGQAVR_4	2.61150518	1.535461569	1.403512408	2.857534898	1.492187137	2.363471867	1.275686489	0.814576036	1.298349631	1.747122465	1.360853693	0.979788681	0.975846776	2.50847781	2.684767772	1.110473542	1.719294373	0.759893086	1.747122465	1.360853693	0.979788681	0.975846776	2.50847781	2.684767772	1.110473542	1.719294373	0.759893086
1/sp|P08603|CFAH_HUMAN_IVSSAMEPDREYHFGQAVR_53228_y6_1_IVSSAMEPDREYHFGQAVR_4	0.511868191	0.362569885	0.663616229	0.674979625	0.327640117	0.324286254	0.211321407	0.281167978	0.343351032	0.802000597	0.508840065	0.351546475	0.740765277	0.390107851	0.956943626	0.743775818	0.797120245	0.784536282	0.802000597	0.508840065	0.351546475	0.740765277	0.390107851	0.956943626	0.743775818	0.797120245	0.784536282
1/sp|P08603|CFAH_HUMAN_IVSSAMEPDREYHFGQAVR_53234_y15_2_IVSSAMEPDREYHFGQAVR_4	1.658991667	0.725483314	0.646301623	0.908417846	1.273516087	0.795800839	0.978295657	1.096287438	0.529406251	1.123788912	0.787019665	1.512264909	0.816173514	0.597230424	1.339412277	1.330346865	1.264700876	1.308077926	1.123788912	0.787019665	1.512264909	0.816173514	0.597230424	1.339412277	1.330346865	1.264700876	1.308077926
1/sp|Q14624|ITIH4_HUMAN_LQDRGPDVLTATVSGK_66886_y7_1_LQDRGPDVLTATVSGK_3	0.990912148	0.274347164	0.550261857	0.844353771	0.799404448	0.34342771	1.509748155	1.423248281	0.611720305	0.562394732	0.528398327	0.892258776	0.708825943	0.259568324	1.40013501	0.619883058	1.570969366	1.825572734	0.562394732	0.528398327	0.892258776	0.708825943	0.259568324	1.40013501	0.619883058	1.570969366	1.825572734
1/sp|Q14624|ITIH4_HUMAN_LQDRGPDVLTATVSGK_66893_b7_1_LQDRGPDVLTATVSGK_3	3.353653097	2.810324168	2.697125633	2.815332185	3.979281248	2.710272587	3.446139774	1.970091281	2.066559579	3.521017791	3.262688587	2.021255033	2.826893867	3.42344718	4.06476877	3.432414672	2.645195935	4.037408663	3.521017791	3.262688587	2.021255033	2.826893867	3.42344718	4.06476877	3.432414672	2.645195935	4.037408663
1/sp|Q14624|ITIH4_HUMAN_LQDRGPDVLTATVSGK_66895_b8_1_LQDRGPDVLTATVSGK_3	3.050183336	2.283313702	2.313785665	3.206735515	3.645755528	2.735006546	4.301188974	1.988691437	2.515569205	5.067131721	4.418104953	2.582205024	2.865836488	4.339254652	5.528047251	4.466105523	4.264309716	7.326626124	5.067131721	4.418104953	2.582205024	2.865836488	4.339254652	5.528047251	4.466105523	4.264309716	7.326626124
1/sp|P02765|FETUA_HUMAN_APHGPGLIYR_6621_y8_2_APHGPGLIYR_2	0.186096249	0.26623652	0.236534772	0.235385179	0.166119579	0.774157532	0.087392286	0.559005468	0.332664752	0.458951189	0.148400398	0.848193044	0.434191082	0.279414115	0.334894449	0.250498598	0.901430865	1.966704993	0.458951189	0.148400398	0.848193044	0.434191082	0.279414115	0.334894449	0.250498598	0.901430865	1.966704993
1/sp|P02765|FETUA_HUMAN_APHGPGLIYR_6629_y7_1_APHGPGLIYR_2	0.225157774	0.282728802	0.639255936	0.460709213	0.39615774	0.559567472	0.17587487	0.559005468	0.692470512	0.627642661	0.319211201	0.154806291	0.743942399	0.435060124	0.714448389	0.831876166	0.435471572	1.434903777	0.627642661	0.319211201	0.154806291	0.743942399	0.435060124	0.714448389	0.831876166	0.435471572	1.434903777
1/sp|P02765|FETUA_HUMAN_APHGPGLIYR_6627_y6_1_APHGPGLIYR_2	0.967900873	0.422161031	0.449019977	0.739144288	0.391430935	0.142698734	0.552513108	0.362549717	0.107690583	0.263247324	0.566202423	0.254129906	0.252686544	0.421740773	0.602675523	0.523290078	1.193115532	0.954796352	0.263247324	0.566202423	0.254129906	0.252686544	0.421740773	0.602675523	0.523290078	1.193115532	0.954796352
1/sp|P01009|A1AT_HUMAN_LSITGTYDLK_67901_y7_1_LSITGTYDLK_2	7.629335488	2.461060773	2.053240226	2.979582995	3.30051803	2.49300776	1.817989968	0.863172107	3.38821132	3.745655307	1.916759475	2.314585436	3.151905159	3.020922546	2.829986118	3.405327811	3.122006139	2.782185107	3.745655307	1.916759475	2.314585436	3.151905159	3.020922546	2.829986118	3.405327811	3.122006139	2.782185107
1/sp|P01009|A1AT_HUMAN_LSITGTYDLK_67899_y6_1_LSITGTYDLK_2	0.638080229	0.561328666	0.390141617	0.333779193	0.390415749	0.46264976	0.828655547	0.520734448	0.194873774	1.103406108	0.610771462	0.616331351	0.980366674	0.581581583	0.827522141	0.70938165	0.803895903	0.471071668	1.103406108	0.610771462	0.616331351	0.980366674	0.581581583	0.827522141	0.70938165	0.803895903	0.471071668
1/sp|P01009|A1AT_HUMAN_LSITGTYDLK_67904_y8_1_LSITGTYDLK_2	1.311921716	1.596104688	2.093390492	1.869750025	2.121409282	2.632087018	1.502751064	4.059617413	2.027625071	4.427053278	5.600649968	6.823296887	2.721514707	5.007929921	3.52757728	2.746923898	5.893808824	6.919339456	4.427053278	5.600649968	6.823296887	2.721514707	5.007929921	3.52757728	2.746923898	5.893808824	6.919339456
1/sp|P02768|ALBU_HUMAN_LVRPEVDVMC(UniMod_4)TAFHDNEETFLKK_69837_b7_1_LVRPEVDVMC(UniMod_4)TAFHDNEETFLKK_5	3.350473606	3.131485172	2.390524695	2.408259311	4.114796189	3.114202183	4.730750299	2.580697791	3.236898126	3.932990469	3.142580229	2.607744869	4.285178015	2.641155567	5.333457258	3.071944293	2.963980494	3.391747549	3.932990469	3.142580229	2.607744869	4.285178015	2.641155567	5.333457258	3.071944293	2.963980494	3.391747549
1/sp|P02768|ALBU_HUMAN_LVRPEVDVMC(UniMod_4)TAFHDNEETFLKK_69829_b5_1_LVRPEVDVMC(UniMod_4)TAFHDNEETFLKK_5	0.753294432	0.242209725	0.360709686	0.732724469	0.881436424	0.523239199	0.435700392	1.054096772	0.708769665	0.53832411	0.393432349	0.510058154	0.735264365	0.312314932	0.976273312	0.920391378	0.491320081	0.710705256	0.53832411	0.393432349	0.510058154	0.735264365	0.312314932	0.976273312	0.920391378	0.491320081	0.710705256
1/sp|P02768|ALBU_HUMAN_LVRPEVDVM(UniMod_35)C(UniMod_4)TAFHDNEETFLKK_69917_b7_1_LVRPEVDVM(UniMod_35)C(UniMod_4)TAFHDNEETFLKK_5	84.72632368	26.77920736	21.62141512	34.45131663	34.09687658	32.34129041	55.26055547	21.1632876	29.29240764	41.44328887	19.4046356	19.5024793	23.08127071	37.20371148	28.17623806	20.94881229	16.30161884	30.28099619	41.44328887	19.4046356	19.5024793	23.08127071	37.20371148	28.17623806	20.94881229	16.30161884	30.28099619
1/sp|P02768|ALBU_HUMAN_LVRPEVDVM(UniMod_35)C(UniMod_4)TAFHDNEETFLKK_69909_b5_1_LVRPEVDVM(UniMod_35)C(UniMod_4)TAFHDNEETFLKK_5	34.96592913	4.995610251	4.782441131	3.681896029	7.927141252	3.644450066	3.60104648	4.400064311	5.900022445	7.024369985	3.37183452	3.994811767	4.70352392	4.74912878	6.022436186	3.433841452	3.989887364	4.968384819	7.024369985	3.37183452	3.994811767	4.70352392	4.74912878	6.022436186	3.433841452	3.989887364	4.968384819
1/sp|P01009|A1AT_HUMAN_LYHSEAFTVNFGDTEEAKK_70422_y8_1_LYHSEAFTVNFGDTEEAKK_4	0.922635454	0.736013708	0.872548871	0.524489403	1.742215051	2.59273157	1.253464513	1.450718082	0.894008613	0.784933835	0.68498687	1.852352225	0.899651174	0.481245909	1.206589864	1.368830403	1.010942364	1.261125011	0.784933835	0.68498687	1.852352225	0.899651174	0.481245909	1.206589864	1.368830403	1.010942364	1.261125011
1/sp|P01009|A1AT_HUMAN_LYHSEAFTVNFGDTEEAKK_70416_b6_1_LYHSEAFTVNFGDTEEAKK_4	0.438465427	0.200861019	0.218289439	0.235990949	0.413386188	0.285887333	0.052845374	0.364139635	0.610988893	0.264290292	0.134344583	0.381482973	0.300279535	0.110974823	0.078829638	0.262520862	0.488039063	0.518172428	0.264290292	0.134344583	0.381482973	0.300279535	0.110974823	0.078829638	0.262520862	0.488039063	0.518172428
1/sp|P35542|SAA4_HUMAN_EALQGVGDMGR_20977_y7_1_EALQGVGDMGR_2	1.974964374	0.433090449	0.485065092	0.583696142	0.854276486	1.060607398	1.177623206	0.330576494	0.62525343	0.59915564	0.253417535	0.437991464	0.305350588	0.409543187	0.542061413	0.196093736	0.178076827	0.431042798	0.59915564	0.253417535	0.437991464	0.305350588	0.409543187	0.542061413	0.196093736	0.178076827	0.431042798
1/sp|P35542|SAA4_HUMAN_EALQGVGDMGR_20974_y5_1_EALQGVGDMGR_2	13.74923658	18.24485136	16.99796102	14.06519378	16.59720053	17.3416558	16.40878618	7.643227916	10.27584077	17.6183132	9.726768025	10.35792707	14.01521553	11.07597103	10.56835225	9.612323955	5.691278554	9.673434128	17.6183132	9.726768025	10.35792707	14.01521553	11.07597103	10.56835225	9.612323955	5.691278554	9.673434128
1/sp|P35542|SAA4_HUMAN_EALQGVGDMGR_20981_y8_1_EALQGVGDMGR_2	21.90847186	18.90759401	51.41587525	33.97184195	35.0256479	16.69789438	95.6645697	50.5884453	59.23864023	12.13147386	28.54247476	38.40833938	20.53278467	21.41744366	29.37703732	11.08094113	52.20898927	52.0764633	12.13147386	28.54247476	38.40833938	20.53278467	21.41744366	29.37703732	11.08094113	52.20898927	52.0764633
1/sp|P02652|APOA2_HUMAN_VKSPELQAEAK_113789_y9_1_VKSPELQAEAK_2	0.774274493	0.584188262	1.186405706	0.698023468	1.648025605	0.552134152	0.966430647	1.230531931	0.813284671	2.747050098	1.598198749	2.231802564	5.670705431	1.489895577	2.934858848	3.245945554	1.609695235	2.796107121	2.747050098	1.598198749	2.231802564	5.670705431	1.489895577	2.934858848	3.245945554	1.609695235	2.796107121
1/sp|P02652|APOA2_HUMAN_VKSPELQAEAK_113788_y8_1_VKSPELQAEAK_2	2.008865974	0.954666078	2.833883475	2.330828065	1.044014737	1.155077981	1.225539704	0.705103056	2.168835902	1.569278816	2.461972588	2.525806289	1.450708426	2.280793837	3.613285847	1.28458236	2.191793791	0.816916669	1.569278816	2.461972588	2.525806289	1.450708426	2.280793837	3.613285847	1.28458236	2.191793791	0.816916669
1/sp|P02652|APOA2_HUMAN_VKSPELQAEAK_113785_y10_2_VKSPELQAEAK_2	7.426968939	0.788234645	1.070951642	0.92254279	1.502111199	0.64469825	1.174032213	0.858773603	1.153598933	1.147899457	0.739862117	2.426369752	0.893433122	0.671982543	1.278622301	0.866186923	0.676538736	1.057501389	1.147899457	0.739862117	2.426369752	0.893433122	0.671982543	1.278622301	0.866186923	0.676538736	1.057501389
1/sp|P02750|A2GL_HUMAN_DLLLPQPDLR_17149_y6_1_DLLLPQPDLR_2	32.85579982	5.303157496	4.875296323	4.160565985	7.026720853	4.710461726	4.767266911	7.115703361	5.71013843	9.164726623	5.106805272	6.100582581	6.887864526	7.569530407	4.915466363	7.33101312	9.647013757	4.486633856	9.164726623	5.106805272	6.100582581	6.887864526	7.569530407	4.915466363	7.33101312	9.647013757	4.486633856
1/sp|P02750|A2GL_HUMAN_DLLLPQPDLR_17150_y7_1_DLLLPQPDLR_2	1.205989794	0.355421593	0.859484389	0.643636064	1.164863955	0.357845637	0.753568262	0.944981591	0.533917966	0.880986771	0.707191037	0.676622272	0.868877991	0.38631276	0.976273312	0.257768589	1.441697816	1.867688675	0.880986771	0.707191037	0.676622272	0.868877991	0.38631276	0.976273312	0.257768589	1.441697816	1.867688675
1/sp|P02750|A2GL_HUMAN_DLLLPQPDLR_17146_y4_1_DLLLPQPDLR_2	9.898324937	5.829890564	7.744239098	4.905752322	9.876025876	6.272640938	6.245380816	9.779501942	11.60551379	7.655540773	5.934477731	5.244976649	3.491940216	5.415483155	14.02638508	10.30325844	6.130819903	9.152923294	7.655540773	5.934477731	5.244976649	3.491940216	5.415483155	14.02638508	10.30325844	6.130819903	9.152923294
1/sp|P05155|IC1_HUMAN_FQPTLLTLPR_32350_y8_1_FQPTLLTLPR_2	1.006105079	1.270492538	0.978492708	0.979158801	0.948728394	1.566974975	1.790183607	3.330676348	0.362266696	1.279974739	0.919951951	0.28922292	0.906122459	0.894156541	1.430846815	1.899963379	0.858128552	1.413052374	1.279974739	0.919951951	0.28922292	0.906122459	0.894156541	1.430846815	1.899963379	0.858128552	1.413052374
1/sp|P05155|IC1_HUMAN_FQPTLLTLPR_32343_y8_2_FQPTLLTLPR_2	1.061220055	1.044331261	1.321136345	0.655358046	0.58986512	0.530606854	0.593293844	2.237714018	0.651222564	1.293580741	0.576711426	0.684132253	1.030653728	0.683483861	0.986269197	1.123299193	0.860160701	0.483106202	1.293580741	0.576711426	0.684132253	1.030653728	0.683483861	0.986269197	1.123299193	0.860160701	0.483106202
1/sp|P05155|IC1_HUMAN_FQPTLLTLPR_32344_y4_1_FQPTLLTLPR_2	1143.726681	422.6280103	378.2834292	611.0111259	592.9978711	1187.896562	399.9032728	744.0851427	531.0794371	831.8264328	551.8807152	416.613883	537.8150374	597.2976863	1257.104208	575.8469256	1432.063462	1146.738843	831.8264328	551.8807152	416.613883	537.8150374	597.2976863	1257.104208	575.8469256	1432.063462	1146.738843
1/sp|P01857|IGHG1_HUMAN_GPSVFPLAPSSK_40771_y7_1_GPSVFPLAPSSK_2	408.7717044	277.1885325	560.622178	347.9833307	300.2803722	335.8690433	98.6146398	462.4557408	641.6878676	424.1979894	263.208688	476.8355825	329.8496361	386.088488	346.4484771	411.8239475	583.0841317	412.5251908	424.1979894	263.208688	476.8355825	329.8496361	386.088488	346.4484771	411.8239475	583.0841317	412.5251908
1/sp|P01857|IGHG1_HUMAN_GPSVFPLAPSSK_40764_y4_1_GPSVFPLAPSSK_2	954.2715012	936.5557185	1183.509218	796.0190085	930.9097671	1203.959734	850.0851916	1590.831574	1112.901278	1238.285779	800.0566936	1206.727822	618.8955115	1241.811615	1671.669801	605.1035973	1790.197896	1361.014786	1238.285779	800.0566936	1206.727822	618.8955115	1241.811615	1671.669801	605.1035973	1790.197896	1361.014786
1/sp|P01857|IGHG1_HUMAN_GPSVFPLAPSSK_40773_y8_1_GPSVFPLAPSSK_2	676.5327538	370.8099411	622.9280926	912.2272074	890.1165283	1029.450469	591.0535031	1132.716383	662.4318998	709.0712391	785.5540801	727.4039224	493.4707418	710.8444501	1519.013031	973.2261444	1051.913526	252.0827148	709.0712391	785.5540801	727.4039224	493.4707418	710.8444501	1519.013031	973.2261444	1051.913526	252.0827148
1/sp|P02649|APOE_HUMAN_KVEQAVETEPEPELR_58741_y6_1_KVEQAVETEPEPELR_3	156.6341601	531.1460157	235.7187807	171.7282392	453.4908519	219.6434869	509.426219	224.789125	222.6058702	354.383164	263.3887204	332.2041917	261.0136278	210.9199073	599.9220939	472.0127077	858.382585	579.5503187	354.383164	263.3887204	332.2041917	261.0136278	210.9199073	599.9220939	472.0127077	858.382585	579.5503187
1/sp|P02649|APOE_HUMAN_KVEQAVETEPEPELR_58737_y4_1_KVEQAVETEPEPELR_3	602.1237922	410.3320082	312.7974813	292.5421713	334.822995	630.4930689	316.9789991	493.6324534	744.1497336	596.6471462	181.3314313	240.8661081	464.3329462	482.0474753	1171.144884	640.3131614	1100.420648	743.5900657	596.6471462	181.3314313	240.8661081	464.3329462	482.0474753	1171.144884	640.3131614	1100.420648	743.5900657
1/sp|P02649|APOE_HUMAN_KVEQAVETEPEPELR_58738_b5_1_KVEQAVETEPEPELR_3	1447.376052	1791.69121	4134.45376	2254.676294	1009.824806	1432.21125	7124.9856	2938.23023	2513.842372	3903.496122	4500.448613	1014.821156	1160.748928	1832.139632	3644.833555	780.4040784	5307.68459	4916.69985	3903.496122	4500.448613	1014.821156	1160.748928	1832.139632	3644.833555	780.4040784	5307.68459	4916.69985
1/sp|P02743|SAMP_HUMAN_QGYFVEAQPK_82784_y5_1_QGYFVEAQPK_2	1580.302904	338.5834835	172.9628613	401.5795677	761.2224503	547.4823751	753.5076001	204.8602194	125.2561387	472.6706783	332.8637418	1259.41974	198.3686884	616.7026605	772.8277517	333.7879865	800.5491667	1087.618965	472.6706783	332.8637418	1259.41974	198.3686884	616.7026605	772.8277517	333.7879865	800.5491667	1087.618965
1/sp|P02743|SAMP_HUMAN_QGYFVEAQPK_82787_y6_1_QGYFVEAQPK_2	424.3129963	295.0691898	188.7714476	155.0143817	487.0626308	216.300688	363.5705698	216.0271574	297.274351	148.9269888	121.9426027	112.9838257	192.1331195	123.6586119	296.7701697	221.7344742	107.3229241	190.3800157	148.9269888	121.9426027	112.9838257	192.1331195	123.6586119	296.7701697	221.7344742	107.3229241	190.3800157
1/sp|P02743|SAMP_HUMAN_QGYFVEAQPK_82782_y4_1_QGYFVEAQPK_2	160.0781475	151.3406663	79.55341079	291.9432652	164.5531715	186.8234096	44.93040439	84.83479872	17.52673315	165.4166385	117.1353612	202.0185602	151.8452812	142.4000421	205.1710373	20.2617801	242.560665	161.5406582	165.4166385	117.1353612	202.0185602	151.8452812	142.4000421	205.1710373	20.2617801	242.560665	161.5406582
1/sp|P01860|IGHG3_HUMAN_SC(UniMod_4)DTPPPC(UniMod_4)PR_89738_y6_1_SC(UniMod_4)DTPPPC(UniMod_4)PR_2	824.4717423	882.7143449	730.2818468	860.8819802	1064.876505	1321.24091	842.9413651	726.167411	540.8355095	726.7462912	802.7096723	1002.178185	527.9207304	249.8197323	715.6826566	778.8606297	232.3591893	1018.852153	726.7462912	802.7096723	1002.178185	527.9207304	249.8197323	715.6826566	778.8606297	232.3591893	1018.852153
1/sp|P01860|IGHG3_HUMAN_SC(UniMod_4)DTPPPC(UniMod_4)PR_89731_b4_1_SC(UniMod_4)DTPPPC(UniMod_4)PR_2	7774.801493	7754.178522	6813.244928	7434.233824	5521.31819	5848.4391	10635.31562	16550.25646	9818.921059	7390.161036	6172.387446	4997.794156	5187.356428	7009.73444	5528.346842	6521.658716	9979.763557	5039.593193	7390.161036	6172.387446	4997.794156	5187.356428	7009.73444	5528.346842	6521.658716	9979.763557	5039.593193
1/sp|P01860|IGHG3_HUMAN_SC(UniMod_4)DTPPPC(UniMod_4)PR_89735_y5_1_SC(UniMod_4)DTPPPC(UniMod_4)PR_2	8660.776218	902.8483863	1095.772511	622.6547335	1944.794318	628.8853214	1413.732	1113.170726	867.1707823	269.4271457	318.6249255	1005.267893	913.8445956	616.7447901	1447.057736	1248.193819	3447.185999	1136.542817	269.4271457	318.6249255	1005.267893	913.8445956	616.7447901	1447.057736	1248.193819	3447.185999	1136.542817
1/sp|P01834|IGKC_HUMAN_SGTASVVC(UniMod_4)LLNNFYPR_92457_y6_1_SGTASVVC(UniMod_4)LLNNFYPR_3	3176.017053	1962.60536	1945.046654	1118.382312	NA	2433.663453	2417.762507	3603.693238	2138.902344	1566.991201	1242.162625	709.8022479	1062.288405	1212.723815	3405.669874	5127.104079	4921.138151	2644.493405	1566.991201	1242.162625	709.8022479	1062.288405	1212.723815	3405.669874	5127.104079	4921.138151	2644.493405
1/sp|P01834|IGKC_HUMAN_SGTASVVC(UniMod_4)LLNNFYPR_92446_y3_1_SGTASVVC(UniMod_4)LLNNFYPR_3	21953.62575	2428.843879	1973.089052	13958.14525	4224.448848	2476.903852	1063.744896	2324.048643	3956.589735	4956.074826	1936.911589	3986.466851	3091.237397	29973.93022	3766.992774	5063.716536	5802.384569	3765.669723	4956.074826	1936.911589	3986.466851	3091.237397	29973.93022	3766.992774	5063.716536	5802.384569	3765.669723
1/sp|P01834|IGKC_HUMAN_SGTASVVC(UniMod_4)LLNNFYPR_92451_y4_1_SGTASVVC(UniMod_4)LLNNFYPR_3	8998.926748	8083.164204	14672.42711	1147.798818	17541.69137	4917.275788	4941.436402	796.2842485	3224.455194	1509.540759	1556.380505	2693.700345	1140.163485	NA	921.1122765	3886.951685	3457.208501	1479.966266	1509.540759	1556.380505	2693.700345	1140.163485	547.3486256	921.1122765	3886.951685	3457.208501	1479.966266
1/sp|P00738|HPT_HUMAN_VMPIC(UniMod_4)LPSKDYAEVGR_114769_y14_2_VMPIC(UniMod_4)LPSKDYAEVGR_3	6983.685905	4437.074687	2976.773232	3869.764884	2748.652994	2228.031973	4276.856609	3561.993023	4148.912038	2028.473115	1732.287209	1921.921885	2639.478496	2214.39712	854.2661038	1227.895173	3233.456136	3476.020164	2028.473115	1732.287209	1921.921885	2639.478496	2214.39712	854.2661038	1227.895173	3233.456136	3476.020164
1/sp|P00738|HPT_HUMAN_VMPIC(UniMod_4)LPSKDYAEVGR_114774_y10_1_VMPIC(UniMod_4)LPSKDYAEVGR_3	95.46466922	313.1032332	10.68756438	86.26524045	476.1244572	362.8646119	174.8472395	75.64070993	198.6269787	221.4729683	170.8795475	165.8538158	259.6535951	184.5045387	194.6773104	176.9515121	186.1196588	297.7329542	221.4729683	170.8795475	165.8538158	259.6535951	184.5045387	194.6773104	176.9515121	186.1196588	297.7329542
1/sp|P00738|HPT_HUMAN_VMPIC(UniMod_4)LPSKDYAEVGR_114763_y10_2_VMPIC(UniMod_4)LPSKDYAEVGR_3	8695.036712	369.4629308	603.8194719	779.6601122	891.8494852	1030.873697	3035.862117	1791.368825	1141.931832	781.0334853	422.8237053	871.7691018	933.7361162	13511.79105	1297.235236	1212.363145	1910.396336	718.8117277	781.0334853	422.8237053	871.7691018	933.7361162	13511.79105	1297.235236	1212.363145	1910.396336	718.8117277
1/sp|P00738|HPT_HUMAN_VTSIQDWVQK_118064_y8_1_VTSIQDWVQK_2	43498.72645	2359.08101	3847.350757	7385.152754	1859.71604	5110.091061	1461.663982	7847.182405	10468.54688	9784.103356	6472.941615	4538.710595	805.873579	5988.143582	23157.85882	20609.91672	15307.99428	21047.25619	9784.103356	6472.941615	4538.710595	805.873579	5988.143582	23157.85882	20609.91672	15307.99428	21047.25619
1/sp|P00738|HPT_HUMAN_VTSIQDWVQK_118061_y6_1_VTSIQDWVQK_2	678.0843419	226.3702631	125.8326842	352.2516309	246.7480445	641.594251	213.7220047	282.4380906	88.20260497	253.3223034	193.4898726	294.5345944	139.1252212	480.4198616	424.721303	594.3367519	601.3447731	572.5602768	253.3223034	193.4898726	294.5345944	139.1252212	480.4198616	424.721303	594.3367519	601.3447731	572.5602768
1/sp|P00738|HPT_HUMAN_VTSIQDWVQK_118059_y4_1_VTSIQDWVQK_2	59.33777984	67.10872924	115.1738885	155.0085387	67.86101144	186.8234096	112.0421647	175.1178748	27.22154124	158.0284993	65.18374804	93.11838911	147.2228389	79.42375297	109.8716366	111.4085917	286.3017288	120.762193	158.0284993	65.18374804	93.11838911	147.2228389	79.42375297	109.8716366	111.4085917	286.3017288	120.762193
1/sp|P02763|A1AG1_HUMAN_SDVVYTDWKK_3844155_y6_1_SDVVYTDWKK_2	6078.36865	1115.833605	1000.257828	620.7879	1357.25259	622.1010274	875.9305912	1238.470029	506.8602416	1079.032581	649.1870027	872.119453	771.1009648	945.998808	1684.23557	1151.602047	1034.032308	1432.770199	1079.032581	649.1870027	872.119453	771.1009648	945.998808	1684.23557	1151.602047	1034.032308	1432.770199
1/sp|P02763|A1AG1_HUMAN_SDVVYTDWKK_3844157_y7_1_SDVVYTDWKK_2	484.2524277	320.7990413	666.9196053	342.6019419	572.8075561	255.6247051	348.3672829	360.9125517	70.37430369	314.6142968	493.9502745	1309.216438	452.9896064	391.9389093	1022.089682	511.9573312	704.0163612	645.0145332	314.6142968	493.9502745	1309.216438	452.9896064	391.9389093	1022.089682	511.9573312	704.0163612	645.0145332
1/sp|P02763|A1AG1_HUMAN_SDVVYTDWKK_3844151_y5_1_SDVVYTDWKK_2	674.3055224	325.4773228	223.0886485	455.5950389	897.9091683	505.9012178	707.6485359	257.5146524	105.6935566	504.4857722	441.7633688	684.4376846	465.9683228	429.6956131	356.7022122	243.6970601	610.4366145	165.0654686	504.4857722	441.7633688	684.4376846	465.9683228	429.6956131	356.7022122	243.6970601	610.4366145	165.0654686
1/sp|P02647|APOA1_HUMAN_DSGRDYVSQFEGSALGK_18642_y8_1_DSGRDYVSQFEGSALGK_3	2528.161772	337.2420507	461.565879	561.6627386	461.4113193	553.9190865	511.7860985	1210.891981	211.7156165	552.0502503	223.7628286	229.7307491	468.9887635	744.6255077	1146.113061	649.6627881	739.4208509	734.7820655	552.0502503	223.7628286	229.7307491	468.9887635	744.6255077	1146.113061	649.6627881	739.4208509	734.7820655
1/sp|P02647|APOA1_HUMAN_DSGRDYVSQFEGSALGK_18629_y6_1_DSGRDYVSQFEGSALGK_3	463.6871592	169.4778968	216.4096314	227.4498618	737.6471264	431.9248062	883.0347718	1045.188123	129.7502169	890.5014092	354.0013015	276.941196	349.5687189	275.0484457	386.1214914	383.6416652	749.0657196	363.3066648	890.5014092	354.0013015	276.941196	349.5687189	275.0484457	386.1214914	383.6416652	749.0657196	363.3066648
1/sp|P02647|APOA1_HUMAN_DSGRDYVSQFEGSALGK_18637_b6_1_DSGRDYVSQFEGSALGK_3	10076.44336	22387.28555	19890.20798	17419.98217	33722.25972	19409.11723	12078.3158	23462.87585	19490.35893	9801.338158	24419.90119	23533.08429	13883.1799	10277.19336	14943.90208	22081.35689	25672.46084	43349.53166	9801.338158	24419.90119	23533.08429	13883.1799	10277.19336	14943.90208	22081.35689	25672.46084	43349.53166
1/sp|P04217|A1BG_HUMAN_LETPDFQLFK_61555_y7_1_LETPDFQLFK_2	4590.174473	3013.608162	3335.245402	2501.016525	3855.997442	3318.92586	2415.912363	3393.082538	2284.471023	3920.682014	2170.391168	2350.011822	3869.668354	2639.570803	4510.409697	4539.532108	3814.725479	3393.09292	3920.682014	2170.391168	2350.011822	3869.668354	2639.570803	4510.409697	4539.532108	3814.725479	3393.09292
1/sp|P04217|A1BG_HUMAN_LETPDFQLFK_61556_y8_1_LETPDFQLFK_2	949.7796689	374.3308536	348.3115368	613.1642658	320.2457751	363.6713465	676.2998982	656.1929728	479.2662294	1004.960416	493.9902816	1401.375225	739.5559948	807.5505389	785.2633843	782.7637187	617.7190364	829.9310126	1004.960416	493.9902816	1401.375225	739.5559948	807.5505389	785.2633843	782.7637187	617.7190364	829.9310126
1/sp|P04217|A1BG_HUMAN_LETPDFQLFK_61548_y7_2_LETPDFQLFK_2	269.6953029	213.8539426	125.6798405	521.1606301	41.85372385	635.7082358	229.4123707	664.7808965	362.0547244	920.3158305	603.8700852	494.8814024	643.9671153	405.9891891	472.5540394	299.0991211	800.5491667	627.2664929	920.3158305	603.8700852	494.8814024	643.9671153	405.9891891	472.5540394	299.0991211	800.5491667	627.2664929
1/sp|P02748|CO9_HUMAN_LSPIYNLVPVK_68096_y9_2_LSPIYNLVPVK_2	1010.142124	895.9390314	559.2595322	1147.832415	769.8192722	1544.496108	2502.265069	1831.715366	683.6882279	249.3927024	207.1035762	770.5853362	408.1850136	369.4837395	699.2263159	697.3906388	657.6730261	924.6339228	249.3927024	207.1035762	770.5853362	408.1850136	369.4837395	699.2263159	697.3906388	657.6730261	924.6339228
1/sp|P02748|CO9_HUMAN_LSPIYNLVPVK_68103_y7_1_LSPIYNLVPVK_2	330.2296589	162.8781036	149.0259267	306.860405	267.1406187	630.4930689	368.8038384	386.2157221	258.857423	247.4360545	175.1690706	184.4665417	226.6790613	305.5068683	699.045477	316.2305407	506.2061693	572.5602768	247.4360545	175.1690706	184.4665417	226.6790613	305.5068683	699.045477	316.2305407	506.2061693	572.5602768
1/sp|P02748|CO9_HUMAN_LSPIYNLVPVK_68095_y4_1_LSPIYNLVPVK_2	895.477076	541.5971991	729.8839479	767.4132164	1001.697226	722.6581972	1116.272035	457.9710338	626.9976443	946.5544784	664.37474	577.835897	1134.53562	702.5603321	2020.866353	884.8092001	1422.259307	1552.251448	946.5544784	664.37474	577.835897	1134.53562	702.5603321	2020.866353	884.8092001	1422.259307	1552.251448
1/sp|P02790|HEMO_HUMAN_NFPSPVDAAFR_74976_y9_1_NFPSPVDAAFR_2	2588.865039	2941.530553	2330.424368	2818.714206	3023.078177	2444.748901	2196.330304	2049.375723	2158.76042	2559.491032	1356.394462	2836.075146	2907.827677	1620.872857	2812.602757	3214.877335	2746.434109	2338.69316	2559.491032	1356.394462	2836.075146	2907.827677	1620.872857	2812.602757	3214.877335	2746.434109	2338.69316
1/sp|P02790|HEMO_HUMAN_NFPSPVDAAFR_74974_y7_1_NFPSPVDAAFR_2	3343.014566	810.5265776	1244.441433	1203.840344	1194.802914	1554.236998	824.3606189	1922.657699	1847.79139	570.8063504	702.4328491	1252.781008	658.9316464	545.1536645	1250.570347	908.3252761	983.7175567	1491.64049	570.8063504	702.4328491	1252.781008	658.9316464	545.1536645	1250.570347	908.3252761	983.7175567	1491.64049
1/sp|P02790|HEMO_HUMAN_NFPSPVDAAFR_74970_y9_2_NFPSPVDAAFR_2	898.3007268	1124.865268	1122.033838	1254.572058	1057.695497	4107.608983	1370.465027	2816.575301	1074.732575	1559.109171	1358.694877	1259.432155	1000.089856	1545.811642	1565.88749	1321.579352	1281.813623	1929.241913	1559.109171	1358.694877	1259.432155	1000.089856	1545.811642	1565.88749	1321.579352	1281.813623	1929.241913
1/sp|P08603|CFAH_HUMAN_TGDEITYQC(UniMod_4)R_103154_y5_1_TGDEITYQC(UniMod_4)R_2	789.9362026	276.8831545	254.9521396	701.1800644	461.4485349	550.2215534	562.3649214	241.7170919	497.3167457	623.9358613	370.4417645	515.7286486	499.8022639	505.3480492	547.7678147	888.5315508	1518.464591	299.7682946	623.9358613	370.4417645	515.7286486	499.8022639	505.3480492	547.7678147	888.5315508	1518.464591	299.7682946
1/sp|P08603|CFAH_HUMAN_TGDEITYQC(UniMod_4)R_103153_y4_1_TGDEITYQC(UniMod_4)R_2	1023.285779	910.1398121	909.5463529	793.6306883	943.1634346	981.6714734	1268.820302	1374.257673	1689.204051	1201.316548	906.5908944	1041.631261	1002.980969	1017.686833	2065.974676	1163.00865	1341.495835	1534.752995	1201.316548	906.5908944	1041.631261	1002.980969	1017.686833	2065.974676	1163.00865	1341.495835	1534.752995
1/sp|P08603|CFAH_HUMAN_TGDEITYQC(UniMod_4)R_103149_b4_1_TGDEITYQC(UniMod_4)R_2	464.3747609	668.4992475	765.0837897	572.3130388	536.8653002	494.631251	566.5692825	911.411652	347.1400413	1198.719098	1630.443854	1585.599004	471.9424541	1734.272166	1214.211586	672.8489444	1825.205066	1248.438237	1198.719098	1630.443854	1585.599004	471.9424541	1734.272166	1214.211586	672.8489444	1825.205066	1248.438237
1/sp|P01023|A2MG_HUMAN_VGFYESDVMGR_112375_y7_1_VGFYESDVMGR_2	1231.881697	895.0549688	631.8587124	730.4256632	897.4852333	790.4253276	696.3324422	972.5766558	448.5112973	1196.045013	624.7938562	907.1214189	1074.612136	839.7615597	1654.39208	714.2667294	1135.597841	2926.381621	1196.045013	624.7938562	907.1214189	1074.612136	839.7615597	1654.39208	714.2667294	1135.597841	2926.381621
1/sp|P01023|A2MG_HUMAN_VGFYESDVMGR_112373_y6_1_VGFYESDVMGR_2	37231.53641	40433.18158	38698.03623	40621.15938	36704.36829	39708.64622	63825.67545	38886.32991	24773.61079	38213.16914	28161.07545	21688.91544	42250.98564	41748.64045	48954.61365	28012.73256	38156.20345	42061.82457	38213.16914	28161.07545	21688.91544	42250.98564	41748.64045	48954.61365	28012.73256	38156.20345	42061.82457
1/sp|P01023|A2MG_HUMAN_VGFYESDVMGR_112380_y8_1_VGFYESDVMGR_2	336.6004377	151.3406663	196.1688934	371.4852755	176.9298119	186.8234096	264.7520364	292.7822757	224.2219797	489.426106	246.6894607	316.988764	1073.563604	401.3155928	529.3780188	191.0017721	160.1073276	641.8069397	489.426106	246.6894607	316.988764	1073.563604	401.3155928	529.3780188	191.0017721	160.1073276	641.8069397
1/sp|P01023|A2MG_HUMAN_VTAAPQSVC(UniMod_4)ALR_117323_y8_1_VTAAPQSVC(UniMod_4)ALR_2	150.2424544	239.6074991	283.3829632	291.4247005	235.1416069	693.0922351	652.5481841	328.15538	331.2852683	233.4737417	152.3099507	534.2793046	389.5297599	417.0945976	1374.232049	486.3928869	1187.015069	262.7054531	233.4737417	152.3099507	534.2793046	389.5297599	417.0945976	1374.232049	486.3928869	1187.015069	262.7054531
1/sp|P01023|A2MG_HUMAN_VTAAPQSVC(UniMod_4)ALR_117312_y8_2_VTAAPQSVC(UniMod_4)ALR_2	7264.541281	8648.546044	9611.232083	7741.662459	7169.730076	7202.708924	10192.37571	6201.166608	6350.399012	10153.53477	5648.18047	5972.941544	12076.99257	6891.728942	4628.157798	3921.550181	2938.687181	7335.582848	10153.53477	5648.18047	5972.941544	12076.99257	6891.728942	4628.157798	3921.550181	2938.687181	7335.582848
1/sp|P01023|A2MG_HUMAN_VTAAPQSVC(UniMod_4)ALR_117320_y6_1_VTAAPQSVC(UniMod_4)ALR_2	14401.5474	9087.258692	9391.092939	9042.296226	12461.29808	12395.31863	16578.02053	10533.4709	12948.03372	6792.600787	4664.490679	3206.481357	4048.544632	5229.442517	5612.665096	7093.953989	7262.072553	6458.421954	6792.600787	4664.490679	3206.481357	4048.544632	5229.442517	5612.665096	7093.953989	7262.072553	6458.421954
1/sp|P01019|ANGT_HUMAN_ALQDQLVLVAAK_5536_y9_1_ALQDQLVLVAAK_2	1862.398953	1734.450239	1780.818622	1326.024456	3418.163066	1553.97953	1546.089139	755.2292263	1527.645922	1952.261681	1765.880763	1841.686057	1298.416773	1424.68854	2361.350528	2453.165338	743.7573728	3138.707566	1952.261681	1765.880763	1841.686057	1298.416773	1424.68854	2361.350528	2453.165338	743.7573728	3138.707566
1/sp|P01019|ANGT_HUMAN_ALQDQLVLVAAK_5524_y5_1_ALQDQLVLVAAK_2	374.1629197	238.5324008	267.3627957	456.6000323	763.4731899	174.4134295	364.0991828	823.6618816	283.2390216	307.3632861	243.4501269	246.4496502	214.3372517	225.8366561	333.8793278	170.3703389	431.3685021	436.3438272	307.3632861	243.4501269	246.4496502	214.3372517	225.8366561	333.8793278	170.3703389	431.3685021	436.3438272
1/sp|P01019|ANGT_HUMAN_ALQDQLVLVAAK_5529_y6_1_ALQDQLVLVAAK_2	190.6719364	335.2856784	468.822797	413.6234197	413.7218533	353.4884687	361.0596581	980.5229031	84.57309258	313.0881115	255.3835276	402.1322609	411.2457823	322.9893204	941.4490485	277.4664546	221.1662019	1734.54807	313.0881115	255.3835276	402.1322609	411.2457823	322.9893204	941.4490485	277.4664546	221.1662019	1734.54807
1/sp|P01008|ANT3_HUMAN_ATEDEGSEQKIPEATNR_8149_y6_1_ATEDEGSEQKIPEATNR_3	743.25403	234.5555129	351.8373633	289.1970625	351.3969168	989.5957806	646.0122622	492.3332772	1210.803972	736.2833189	292.5227212	476.2438485	423.4248886	273.8547688	205.9248145	888.5315508	1753.656927	867.1870824	736.2833189	292.5227212	476.2438485	423.4248886	273.8547688	205.9248145	888.5315508	1753.656927	867.1870824
1/sp|P01008|ANT3_HUMAN_ATEDEGSEQKIPEATNR_8142_y4_1_ATEDEGSEQKIPEATNR_3	266.5009448	254.5487175	391.6746219	75.76262172	399.3420384	362.8331436	343.4719491	569.4435153	106.2516689	316.6280136	229.1525501	700.8407183	352.5098938	234.6080751	496.5937837	468.5801123	218.3581115	475.5917614	316.6280136	229.1525501	700.8407183	352.5098938	234.6080751	496.5937837	468.5801123	218.3581115	475.5917614
1/sp|P01008|ANT3_HUMAN_ATEDEGSEQKIPEATNR_8152_y7_1_ATEDEGSEQKIPEATNR_3	160.0781475	162.8781036	122.2656469	318.495248	321.7376384	216.5538654	435.059812	92.53281325	202.5114508	338.6598681	95.63586142	203.0654743	276.398128	160.8444574	164.9899839	261.8311475	222.1881392	465.2363225	338.6598681	95.63586142	203.0654743	276.398128	160.8444574	164.9899839	261.8311475	222.1881392	465.2363225
1/sp|P01019|ANGT_HUMAN_QPFVQGLALYTPVVLPR_83873_y6_1_QPFVQGLALYTPVVLPR_3	1774.714795	1506.406671	1961.531037	1684.400996	1760.64143	1836.32231	1899.249808	1736.58543	874.1593998	1559.189067	1066.047133	2310.783579	1936.210898	1707.295067	2144.969168	1330.867298	1441.84614	2695.859989	1559.189067	1066.047133	2310.783579	1936.210898	1707.295067	2144.969168	1330.867298	1441.84614	2695.859989
1/sp|P01019|ANGT_HUMAN_QPFVQGLALYTPVVLPR_83867_y4_1_QPFVQGLALYTPVVLPR_3	518.128767	431.704295	152.4686996	352.5905241	909.4266121	787.8306177	337.368357	367.8830979	481.3655873	409.2328944	478.3299591	590.5023163	439.8384523	423.1149424	411.3206328	673.6177999	837.8418242	951.90974	409.2328944	478.3299591	590.5023163	439.8384523	423.1149424	411.3206328	673.6177999	837.8418242	951.90974
1/sp|P01019|ANGT_HUMAN_QPFVQGLALYTPVVLPR_83875_y7_1_QPFVQGLALYTPVVLPR_3	158.3830599	282.1205988	255.2016159	398.5061579	284.9539847	205.7029999	509.5225021	498.9170591	182.1701258	301.9971793	505.1397911	878.8574971	136.9605721	561.0506327	405.0892959	218.0981894	333.4218079	736.3311141	301.9971793	505.1397911	878.8574971	136.9605721	561.0506327	405.0892959	218.0981894	333.4218079	736.3311141
1/sp|P09871|C1S_HUMAN_TNFDNDIALVR_106039_y5_1_TNFDNDIALVR_2	472.1865135	172.8551839	299.4031308	423.9392091	682.5986644	258.926023	492.1972117	274.4478935	292.9026694	175.4346753	330.3095315	153.3901585	143.9659918	435.720171	844.5869965	391.9943618	557.2045987	777.5000619	175.4346753	330.3095315	153.3901585	143.9659918	435.720171	844.5869965	391.9943618	557.2045987	777.5000619
1/sp|P09871|C1S_HUMAN_TNFDNDIALVR_106035_y4_1_TNFDNDIALVR_2	2239.593298	1873.836537	1862.19842	1401.44278	2698.848707	769.1627236	2662.812383	1834.422715	1559.902094	1862.288492	1651.610168	1826.775462	1154.798437	1444.812529	4147.700929	2835.656588	4046.442153	2803.29505	1862.288492	1651.610168	1826.775462	1154.798437	1444.812529	4147.700929	2835.656588	4046.442153	2803.29505
1/sp|P09871|C1S_HUMAN_TNFDNDIALVR_106041_y6_1_TNFDNDIALVR_2	312.7556084	239.6074991	463.2648442	220.141749	245.3128138	494.3265799	336.8869417	410.5924163	271.3677472	657.6864059	319.0475017	498.3642194	615.6331019	665.9411321	1058.80336	534.5367228	1149.147907	884.2137361	657.6864059	319.0475017	498.3642194	615.6331019	665.9411321	1058.80336	534.5367228	1149.147907	884.2137361
1/sp|P68871|HBB_HUMAN_VNVDEVGGEALGR_115106_y10_1_VNVDEVGGEALGR_2	1743.159859	2321.013323	1409.492107	1304.548566	2144.771963	1640.016909	5654.761864	1539.863082	629.4086049	2710.348579	1602.538825	1054.809413	3068.959562	1975.900467	4082.598921	2513.311064	3528.189295	2345.87482	2710.348579	1602.538825	1054.809413	3068.959562	1975.900467	4082.598921	2513.311064	3528.189295	2345.87482
1/sp|P68871|HBB_HUMAN_VNVDEVGGEALGR_115101_y8_1_VNVDEVGGEALGR_2	4014.323041	5007.518267	3652.980303	4046.558991	4375.253255	3508.665815	9448.862667	4500.353351	3468.482436	3832.502418	2638.475531	2716.942114	5119.354796	3777.397709	8279.498172	4758.942802	5224.211464	4220.191524	3832.502418	2638.475531	2716.942114	5119.354796	3777.397709	8279.498172	4758.942802	5224.211464	4220.191524
1/sp|P68871|HBB_HUMAN_VNVDEVGGEALGR_115104_y9_1_VNVDEVGGEALGR_2	416.1963073	166.5942347	117.0451187	166.3293214	272.240785	337.6155378	363.5705698	282.4380906	399.2727738	315.1442223	151.2260054	223.5858184	111.9326338	336.6042591	176.5579278	788.1112807	610.4366145	473.9911851	315.1442223	151.2260054	223.5858184	111.9326338	336.6042591	176.5579278	788.1112807	610.4366145	473.9911851
1/sp|P01019|ANGT_HUMAN_DPTFIPAPIQAK_17888_y7_1_DPTFIPAPIQAK_2	896.3021984	327.0334965	180.8166276	597.430569	762.989386	1352.71214	670.1868665	716.9290201	587.8584843	648.1689447	572.6832143	860.1840799	383.7308477	560.7472983	776.8214185	555.181066	739.5031785	963.5404873	648.1689447	572.6832143	860.1840799	383.7308477	560.7472983	776.8214185	555.181066	739.5031785	963.5404873
1/sp|P01019|ANGT_HUMAN_DPTFIPAPIQAK_17885_y5_1_DPTFIPAPIQAK_2	584.4060916	786.8758075	1208.591059	163.7949268	1525.579108	405.6801874	544.7847639	687.0760961	390.7749958	426.8753357	245.4354847	424.9809199	569.3405386	670.1147885	1915.810778	1401.095647	2107.875428	1504.570699	426.8753357	245.4354847	424.9809199	569.3405386	670.1147885	1915.810778	1401.095647	2107.875428	1504.570699
1/sp|P01019|ANGT_HUMAN_DPTFIPAPIQAK_17884_b4_1_DPTFIPAPIQAK_2	6173.227783	7198.390304	3991.683846	6103.333396	8915.096895	7429.567249	13269.50739	6222.790243	5859.981099	13723.3083	9280.772673	8942.687895	16629.80616	12339.90925	12550.93009	6867.500234	10162.69213	9761.776322	13723.3083	9280.772673	8942.687895	16629.80616	12339.90925	12550.93009	6867.500234	10162.69213	9761.776322
1/sp|P08697|A2AP_HUMAN_LGNQEPGGQTALK_62599_y8_1_LGNQEPGGQTALK_2	434.2891993	494.7892837	172.9375979	1004.070162	850.7035064	247.0424228	974.2563814	226.5436282	419.8794894	198.6356269	278.8252526	349.1203373	396.8277674	225.3676112	1211.769416	336.8734493	333.4218079	469.7627008	198.6356269	278.8252526	349.1203373	396.8277674	225.3676112	1211.769416	336.8734493	333.4218079	469.7627008
1/sp|P08697|A2AP_HUMAN_LGNQEPGGQTALK_62594_b5_1_LGNQEPGGQTALK_2	930.724134	1265.148178	947.1714834	2557.065354	1383.059237	477.1605853	1202.366099	831.5747265	833.1704278	1857.837118	1141.006893	933.737038	1047.524124	1172.54184	1533.037342	1043.978061	1637.771744	2227.81219	1857.837118	1141.006893	933.737038	1047.524124	1172.54184	1533.037342	1043.978061	1637.771744	2227.81219
1/sp|P08697|A2AP_HUMAN_LGNQEPGGQTALK_62600_y9_1_LGNQEPGGQTALK_2	125.0982074	67.10872924	444.1356969	194.879605	211.9999265	315.3402243	169.3202132	323.3120372	225.6598417	318.9955574	123.7668064	45.48848697	198.6607199	345.4318512	1145.308582	360.5745668	334.8249582	368.6832485	318.9955574	123.7668064	45.48848697	198.6607199	345.4318512	1145.308582	360.5745668	334.8249582	368.6832485
1/sp|P02671|FIBA_HUMAN_NNKDSHSLTTNIMEILR_76888_y7_1_NNKDSHSLTTNIMEILR_3	184.3833709	185.757759	226.2292077	48.22346665	314.681222	321.2305307	214.1562224	86.01337483	903.9293499	162.6584171	220.2121888	463.0532824	214.3372517	131.7233741	277.5742041	233.757882	479.4192421	641.8069397	162.6584171	220.2121888	463.0532824	214.3372517	131.7233741	277.5742041	233.757882	479.4192421	641.8069397
1/sp|P02671|FIBA_HUMAN_NNKDSHSLTTNIMEILR_76880_y4_1_NNKDSHSLTTNIMEILR_3	1312.766072	1459.679632	1906.519937	1629.53537	1931.445217	1009.445169	1874.520161	3138.890542	1532.478406	1898.323424	1927.572406	2480.551942	1294.856769	1827.772179	2442.711136	1745.058058	4238.390971	2941.711083	1898.323424	1927.572406	2480.551942	1294.856769	1827.772179	2442.711136	1745.058058	4238.390971	2941.711083
1/sp|P02671|FIBA_HUMAN_NNKDSHSLTTNIMEILR_76878_y3_1_NNKDSHSLTTNIMEILR_3	747.7802426	1571.763171	780.9571135	440.667674	1681.242587	601.6165501	516.41335	1483.595919	1272.941003	2161.688222	1816.752432	1352.89855	1327.073411	815.2546706	2681.486097	1727.730121	1349.139783	3242.793332	2161.688222	1816.752432	1352.89855	1327.073411	815.2546706	2681.486097	1727.730121	1349.139783	3242.793332
1/sp|P02768|ALBU_HUMAN_SLHTLFGDKLC(UniMod_4)TVATLR_94912_y7_1_SLHTLFGDKLC(UniMod_4)TVATLR_3	2405.783627	854.4982414	1423.176987	651.9558406	485.6905048	1433.899098	1910.369561	3220.286831	7504.504479	1803.083589	827.6541674	2025.413276	1696.564245	1837.799066	764.0021369	376.3475792	2992.271775	4020.827993	1803.083589	827.6541674	2025.413276	1696.564245	1837.799066	764.0021369	376.3475792	2992.271775	4020.827993
1/sp|P02768|ALBU_HUMAN_SLHTLFGDKLC(UniMod_4)TVATLR_94905_y6_1_SLHTLFGDKLC(UniMod_4)TVATLR_3	61.31627883	574.8039346	166.9501668	522.7323929	474.1067202	278.7582466	835.2538223	227.3294629	362.1313047	66.76375906	498.0460126	196.1260477	277.3409728	269.0351225	912.2224386	290.0406841	116.3707381	867.1870824	66.76375906	498.0460126	196.1260477	277.3409728	269.0351225	912.2224386	290.0406841	116.3707381	867.1870824
1/sp|P19823|ITIH2_HUMAN_FYNQVSTPLLR_34333_y6_1_FYNQVSTPLLR_2	1436.208505	1677.139547	1478.863885	1397.177402	1775.851316	1238.673635	2762.304898	1737.383572	752.1589818	2280.880686	1247.594854	1443.334549	2098.636064	1580.484447	2728.926735	1725.449374	2748.671275	2883.307761	2280.880686	1247.594854	1443.334549	2098.636064	1580.484447	2728.926735	1725.449374	2748.671275	2883.307761
1/sp|P19823|ITIH2_HUMAN_FYNQVSTPLLR_34334_y7_1_FYNQVSTPLLR_2	397.9539367	270.889934	633.5434668	606.4959595	535.2925332	159.1198027	944.155648	273.7306216	203.0171452	429.5396379	324.7022709	478.8783755	305.4316265	429.4175567	733.7817583	418.551433	438.2679211	518.2533994	429.5396379	324.7022709	478.8783755	305.4316265	429.4175567	733.7817583	418.551433	438.2679211	518.2533994
1/sp|P19823|ITIH2_HUMAN_FYNQVSTPLLR_34328_y4_1_FYNQVSTPLLR_2	7878.509759	10417.64763	53057.60743	26626.3348	9747.773452	13326.21017	38944.61753	17167.32119	9221.369878	7911.689211	7071.949573	3328.083396	4370.905744	8620.046763	7003.248701	4132.210843	23117.79659	6278.816039	7911.689211	7071.949573	3328.083396	4370.905744	8620.046763	7003.248701	4132.210843	23117.79659	6278.816039
1/sp|P01008|ANT3_HUMAN_KATEDEGSEQKIPEATNR_54339_y6_1_KATEDEGSEQKIPEATNR_3	426.517806	283.6433062	515.1117022	429.9866982	552.7709579	1106.482173	103.5524514	513.7670471	64.98859261	487.5607683	413.4582674	263.5961446	34.75606542	559.3893152	455.4892687	222.1031232	471.730551	1069.969149	487.5607683	413.4582674	263.5961446	34.75606542	559.3893152	455.4892687	222.1031232	471.730551	1069.969149
1/sp|P01008|ANT3_HUMAN_KATEDEGSEQKIPEATNR_54331_y4_1_KATEDEGSEQKIPEATNR_3	470.3688536	83.27062343	44.2679892	87.71503106	167.2650619	174.4134295	422.0219504	190.2686601	76.90871999	265.248072	89.72642137	514.8679444	154.7850654	234.7541251	568.3107767	135.9197327	595.529932	55.83901848	265.248072	89.72642137	514.8679444	154.7850654	234.7541251	568.3107767	135.9197327	595.529932	55.83901848
1/sp|P01008|ANT3_HUMAN_KATEDEGSEQKIPEATNR_54348_b10_1_KATEDEGSEQKIPEATNR_3	428.5791161	26.83214111	283.7461249	234.8353945	380.8911519	169.2926678	129.1337327	202.2724152	288.3831084	587.3220887	211.6556465	558.8700616	441.3639695	156.5682852	559.9110629	574.3565508	493.0265788	431.8802483	587.3220887	211.6556465	558.8700616	441.3639695	156.5682852	559.9110629	574.3565508	493.0265788	431.8802483
1/sp|P00734|THRB_HUMAN_LAVTTHGLPC(UniMod_4)LAWASAQAK_60214_y7_1_LAVTTHGLPC(UniMod_4)LAWASAQAK_3	1647.239429	2657.375495	2542.495008	1927.863557	1929.988952	1659.470081	1875.141281	1768.479414	1982.955705	4055.234163	2760.309989	3281.310198	2649.101631	2405.820772	3627.763715	2744.742298	8580.747509	2524.90105	4055.234163	2760.309989	3281.310198	2649.101631	2405.820772	3627.763715	2744.742298	8580.747509	2524.90105
1/sp|P00734|THRB_HUMAN_LAVTTHGLPC(UniMod_4)LAWASAQAK_60206_y6_1_LAVTTHGLPC(UniMod_4)LAWASAQAK_3	307.389326	386.9447835	395.9741406	185.361383	627.0081479	463.7178705	298.0131204	319.2474968	169.4023331	509.3170616	335.4579594	354.9452627	194.9797317	239.3125666	1003.762418	744.8602917	718.0031213	859.3371738	509.3170616	335.4579594	354.9452627	194.9797317	239.3125666	1003.762418	744.8602917	718.0031213	859.3371738
1/sp|P00734|THRB_HUMAN_LAVTTHGLPC(UniMod_4)LAWASAQAK_60204_y5_1_LAVTTHGLPC(UniMod_4)LAWASAQAK_3	1014.714675	327.0334965	622.9944092	421.3186306	709.8033261	1019.367717	596.2452377	493.6324534	282.1734985	424.3284324	294.4505687	812.0563763	348.5132333	467.2234119	810.8309638	729.4401495	691.4685461	351.3023426	424.3284324	294.4505687	812.0563763	348.5132333	467.2234119	810.8309638	729.4401495	691.4685461	351.3023426
1/sp|P02774|VTDB_HUMAN_VMDKYTFELSR_114719_y7_1_VMDKYTFELSR_2	597.651392	274.9602483	279.4450273	242.3932951	876.4907362	573.3350697	420.9873792	776.4362121	551.3309783	1179.612432	506.6300598	727.7928944	580.5503783	508.6903447	429.3233998	675.2530522	460.7505417	771.9415212	1179.612432	506.6300598	727.7928944	580.5503783	508.6903447	429.3233998	675.2530522	460.7505417	771.9415212
1/sp|P02774|VTDB_HUMAN_VMDKYTFELSR_114716_y6_1_VMDKYTFELSR_2	833.8276095	838.1235587	671.1938606	404.0672184	888.4984555	792.5751895	730.186328	4549.138385	541.5801873	409.2198502	660.2239918	779.4999684	641.1886437	598.0195097	534.3570039	641.4191083	690.5879978	1852.755621	409.2198502	660.2239918	779.4999684	641.1886437	598.0195097	534.3570039	641.4191083	690.5879978	1852.755621
1/sp|P02774|VTDB_HUMAN_VMDKYTFELSR_114714_y5_1_VMDKYTFELSR_2	25	52.83111583	606.8037135	244.0351738	345.2563298	178.9048238	381.0034709	566.6781511	116.1240642	272.7909494	165.0272428	154.8370793	177.263151	214.3591012	474.2644037	425.2444918	308.2384809	386.1366152	272.7909494	165.0272428	154.8370793	177.263151	214.3591012	474.2644037	425.2444918	308.2384809	386.1366152
1/sp|P25311|ZA2G_HUMAN_YSLTYIYTGLSK_125676_y6_1_YSLTYIYTGLSK_2	393.8372955	484.6351118	517.2701458	272.8206375	383.798829	911.3411012	333.532137	523.4959254	327.4747358	667.1647341	242.8575201	498.2800801	341.832664	225.8043566	373.648677	272.6295504	281.8327668	220.9423275	667.1647341	242.8575201	498.2800801	341.832664	225.8043566	373.648677	272.6295504	281.8327668	220.9423275
1/sp|P25311|ZA2G_HUMAN_YSLTYIYTGLSK_125680_y7_1_YSLTYIYTGLSK_2	65348.61404	103005.3024	130733.7881	116610.635	56979.95583	94671.58383	98078.28641	95049.41771	46334.94	18595.49185	16414.83343	18899.21348	18698.91923	23290.32236	26818.24114	8423.270662	18048.02114	21670.4182	18595.49185	16414.83343	18899.21348	18698.91923	23290.32236	26818.24114	8423.270662	18048.02114	21670.4182
1/sp|P25311|ZA2G_HUMAN_YSLTYIYTGLSK_125683_y8_1_YSLTYIYTGLSK_2	1012.406726	868.6488229	1080.766038	890.5088342	1399.398538	1408.571354	552.3533691	996.5982309	927.7220719	1408.263037	1330.777345	955.8436155	951.8907448	1129.256305	2046.099297	1364.039969	1530.287564	1667.143519	1408.263037	1330.777345	955.8436155	951.8907448	1129.256305	2046.099297	1364.039969	1530.287564	1667.143519
1/iRT_protein_DGLDAASYYAPVR_353530_y7_1_DGLDAASYYAPVR_2	5903.583302	5300.751005	7349.713696	8449.437794	5760.453201	6823.772559	7766.15539	8722.640804	6336.073206	4883.613633	4589.97725	6060.308526	3820.773929	5454.120603	8163.338754	6664.284275	7594.891222	7962.158548	4883.613633	4589.97725	6060.308526	3820.773929	5454.120603	8163.338754	6664.284275	7594.891222	7962.158548
1/iRT_protein_DGLDAASYYAPVR_353531_y8_1_DGLDAASYYAPVR_2	1362.549926	901.7440047	626.1728635	1257.08162	1310.650469	1610.279301	1217.272985	1012.866941	476.1000282	1605.806202	1568.845253	1066.882719	1205.076536	1608.922044	1415.165865	1361.490983	834.8100171	1469.968301	1605.806202	1568.845253	1066.882719	1205.076536	1608.922044	1415.165865	1361.490983	834.8100171	1469.968301
1/iRT_protein_DGLDAASYYAPVR_353535_y5_1_DGLDAASYYAPVR_2	137.0364668	282.4761761	216.4648951	166.7208013	197.8644407	139.9818856	106.402053	155.9296227	224.8042545	270.2179575	196.5241695	68.26128265	120.2234096	185.5563787	405.4205522	319.8754321	501.7819505	322.0700871	270.2179575	196.5241695	68.26128265	120.2234096	185.5563787	405.4205522	319.8754321	501.7819505	322.0700871
1/sp|P01008|ANT3_HUMAN_DIPMNPMC(UniMod_4)IYR_15994_y6_1_DIPMNPMC(UniMod_4)IYR_2	209.5615493	321.7779246	216.4727898	462.4473992	669.9291527	173.9857458	333.2130813	412.0744265	169.4023331	510.7927003	210.5104401	482.7970619	321.4224398	431.172964	664.9750886	566.0411493	601.3447731	384.7727438	510.7927003	210.5104401	482.7970619	321.4224398	431.172964	664.9750886	566.0411493	601.3447731	384.7727438
1/sp|P01008|ANT3_HUMAN_DIPMNPMC(UniMod_4)IYR_15990_y9_2_DIPMNPMC(UniMod_4)IYR_2	1349.907025	1005.883529	3037.547551	2583.300355	2331.060709	2325.498089	1461.663982	3522.630973	4583.584739	2681.7163	3417.115865	1851.368977	2014.975978	2171.242188	3489.210689	2182.746246	2423.065229	3448.275767	2681.7163	3417.115865	1851.368977	2014.975978	2171.242188	3489.210689	2182.746246	2423.065229	3448.275767
1/sp|P01008|ANT3_HUMAN_DIPMNPMC(UniMod_4)IYR_15996_y7_1_DIPMNPMC(UniMod_4)IYR_2	263.122728	525.7942288	122.6523352	428.5989894	409.6653443	264.5574304	232.7048744	142.0085718	17.52673315	106.2494015	96.86295758	58.26470122	347.1629351	39.38164928	405.4205522	134.8780482	595.529932	256.2145848	106.2494015	96.86295758	58.26470122	347.1629351	39.38164928	405.4205522	134.8780482	595.529932	256.2145848
1/sp|P02766|TTHY_HUMAN_AADDTWEPFASGK_225_y6_1_AADDTWEPFASGK_2	1312.075481	312.3544293	1167.406944	1179.010582	1453.990704	2202.11348	1083.129889	428.2622673	653.8852688	4422.937207	2427.537515	3627.260827	1851.368779	2833.044771	3791.583485	3444.802414	4358.356745	5036.421024	4422.937207	2427.537515	3627.260827	1851.368779	2833.044771	3791.583485	3444.802414	4358.356745	5036.421024
1/sp|P02766|TTHY_HUMAN_AADDTWEPFASGK_233_y8_1_AADDTWEPFASGK_2	359.4900986	843.8783329	603.0347268	303.6423812	435.6273258	935.5974914	528.8678495	416.7964661	223.5486007	508.5621217	422.6286701	450.0089258	496.7637452	629.364062	824.4783866	635.0559686	737.6687026	609.6633742	508.5621217	422.6286701	450.0089258	496.7637452	629.364062	824.4783866	635.0559686	737.6687026	609.6633742
1/sp|P02766|TTHY_HUMAN_AADDTWEPFASGK_229_y7_1_AADDTWEPFASGK_2	201.2340955	420.0037106	293.4283314	195.5457052	348.1850419	219.6434869	291.5829212	255.3522889	116.1240642	282.0556769	213.3234473	295.0421891	210.2209974	251.305509	462.3290357	334.617088	947.5989639	522.646128	282.0556769	213.3234473	295.0421891	210.2209974	251.305509	462.3290357	334.617088	947.5989639	522.646128
1/sp|P02765|FETUA_HUMAN_HTFMGVVSLGSPSGEVSHPR_46639_y9_1_HTFMGVVSLGSPSGEVSHPR_3	635.4978834	2495.315916	536.669296	444.1135742	884.5503576	475.9719391	719.4498207	275.8279385	1607.447927	1281.234198	846.1737552	768.3728854	936.5493535	903.3564543	1762.976549	572.0342057	1559.819942	1852.755621	1281.234198	846.1737552	768.3728854	936.5493535	903.3564543	1762.976549	572.0342057	1559.819942	1852.755621
1/sp|P02765|FETUA_HUMAN_HTFMGVVSLGSPSGEVSHPR_46628_b6_1_HTFMGVVSLGSPSGEVSHPR_3	2333.884411	3165.572133	2204.517789	2967.140623	3041.427125	2134.585224	2755.357413	2622.454822	2474.139423	1773.962149	1495.457025	1686.966221	1476.191674	1693.223724	3371.10767	2686.031002	4813.342559	4259.626246	1773.962149	1495.457025	1686.966221	1476.191674	1693.223724	3371.10767	2686.031002	4813.342559	4259.626246
1/sp|P02765|FETUA_HUMAN_HTFMGVVSLGSPSGEVSHPR_46619_y9_2_HTFMGVVSLGSPSGEVSHPR_3	286.4952048	261.0230129	113.1333935	268.0892806	270.4431059	278.7582466	211.5509155	386.2157221	142.0327806	264.0757138	270.8238104	263.1313092	43.6749871	92.26561047	185.8077534	289.4167063	589.0725768	358.5033257	264.0757138	270.8238104	263.1313092	43.6749871	92.26561047	185.8077534	289.4167063	589.0725768	358.5033257
1/sp|P02768|ALBU_HUMAN_LVRPEVDVMC(UniMod_4)TAFHDNEETFLKK_69818_b7_1_LVRPEVDVMC(UniMod_4)TAFHDNEETFLKK_4	1663.158902	1337.546502	2081.327027	1325.963105	1527.410766	1824.450153	1867.474504	2669.97408	1256.119733	2339.726868	2157.488844	2010.295781	1294.233768	1900.993727	2308.974847	1481.839815	2369.444841	2766.420605	2339.726868	2157.488844	2010.295781	1294.233768	1900.993727	2308.974847	1481.839815	2369.444841	2766.420605
1/sp|P02768|ALBU_HUMAN_LVRPEVDVM(UniMod_35)C(UniMod_4)TAFHDNEETFLKK_69900_b7_1_LVRPEVDVM(UniMod_35)C(UniMod_4)TAFHDNEETFLKK_4	1019.387377	768.2100915	609.8321663	482.7809856	248.1784211	7382.922546	1113.047496	1319.636017	471.9976981	658.9549659	1030.809532	948.4738363	567.2643333	274.0892912	1835.836039	3066.786591	206.4205953	340.8422383	658.9549659	1030.809532	948.4738363	567.2643333	274.0892912	1835.836039	3066.786591	206.4205953	340.8422383
